1000 999 899
1 2 1200
1 3 1200
1 4 1200
1 5 1200
1 6 1200
1 7 1200
1 8 1200
1 9 1200
1 10 1200
1 11 1200
1 12 1200
1 13 1200
1 14 1200
1 15 1200
1 16 1200
1 17 1200
1 18 1200
1 19 1200
1 20 1200
1 21 1200
1 22 1200
1 23 1200
1 24 1200
1 25 1200
1 26 1200
1 27 1200
1 28 1200
1 29 1200
1 30 1200
1 31 1200
1 32 1200
1 33 1200
1 34 1200
1 35 1200
1 36 1200
1 37 1200
1 38 1200
1 39 1200
1 40 1200
1 41 1200
1 42 1200
1 43 1200
1 44 1200
1 45 1200
1 46 1200
1 47 1200
1 48 1200
1 49 1200
1 50 1200
1 51 1200
1 52 1200
1 53 1200
1 54 1200
1 55 1200
1 56 1200
1 57 1200
1 58 1200
1 59 1200
1 60 1200
1 61 1200
1 62 1200
1 63 1200
1 64 1200
1 65 1200
1 66 1200
1 67 1200
1 68 1200
1 69 1200
1 70 1200
1 71 1200
1 72 1200
1 73 1200
1 74 1200
1 75 1200
1 76 1200
1 77 1200
1 78 1200
1 79 1200
1 80 1200
1 81 1200
1 82 1200
1 83 1200
1 84 1200
1 85 1200
1 86 1200
1 87 1200
1 88 1200
1 89 1200
1 90 1200
1 91 1200
1 92 1200
1 93 1200
1 94 1200
1 95 1200
1 96 1200
1 97 1200
1 98 1200
1 99 1200
1 100 1200
1 101 1200
1 102 1200
1 103 1200
1 104 1200
1 105 1200
1 106 1200
1 107 1200
1 108 1200
1 109 1200
1 110 1200
1 111 1200
1 112 1200
1 113 1200
1 114 1200
1 115 1200
1 116 1200
1 117 1200
1 118 1200
1 119 1200
1 120 1200
1 121 1200
1 122 1200
1 123 1200
1 124 1200
1 125 1200
1 126 1200
1 127 1200
1 128 1200
1 129 1200
1 130 1200
1 131 1200
1 132 1200
1 133 1200
1 134 1200
1 135 1200
1 136 1200
1 137 1200
1 138 1200
1 139 1200
1 140 1200
1 141 1200
1 142 1200
1 143 1200
1 144 1200
1 145 1200
1 146 1200
1 147 1200
1 148 1200
1 149 1200
1 150 1200
1 151 1200
1 152 1200
1 153 1200
1 154 1200
1 155 1200
1 156 1200
1 157 1200
1 158 1200
1 159 1200
1 160 1200
1 161 1200
1 162 1200
1 163 1200
1 164 1200
1 165 1200
1 166 1200
1 167 1200
1 168 1200
1 169 1200
1 170 1200
1 171 1200
1 172 1200
1 173 1200
1 174 1200
1 175 1200
1 176 1200
1 177 1200
1 178 1200
1 179 1200
1 180 1200
1 181 1200
1 182 1200
1 183 1200
1 184 1200
1 185 1200
1 186 1200
1 187 1200
1 188 1200
1 189 1200
1 190 1200
1 191 1200
1 192 1200
1 193 1200
1 194 1200
1 195 1200
1 196 1200
1 197 1200
1 198 1200
1 199 1200
1 200 1200
1 201 1200
1 202 1200
1 203 1200
1 204 1200
1 205 1200
1 206 1200
1 207 1200
1 208 1200
1 209 1200
1 210 1200
1 211 1200
1 212 1200
1 213 1200
1 214 1200
1 215 1200
1 216 1200
1 217 1200
1 218 1200
1 219 1200
1 220 1200
1 221 1200
1 222 1200
1 223 1200
1 224 1200
1 225 1200
1 226 1200
1 227 1200
1 228 1200
1 229 1200
1 230 1200
1 231 1200
1 232 1200
1 233 1200
1 234 1200
1 235 1200
1 236 1200
1 237 1200
1 238 1200
1 239 1200
1 240 1200
1 241 1200
1 242 1200
1 243 1200
1 244 1200
1 245 1200
1 246 1200
1 247 1200
1 248 1200
1 249 1200
1 250 1200
1 251 1200
1 252 1200
1 253 1200
1 254 1200
1 255 1200
1 256 1200
1 257 1200
1 258 1200
1 259 1200
1 260 1200
1 261 1200
1 262 1200
1 263 1200
1 264 1200
1 265 1200
1 266 1200
1 267 1200
1 268 1200
1 269 1200
1 270 1200
1 271 1200
1 272 1200
1 273 1200
1 274 1200
1 275 1200
1 276 1200
1 277 1200
1 278 1200
1 279 1200
1 280 1200
1 281 1200
1 282 1200
1 283 1200
1 284 1200
1 285 1200
1 286 1200
1 287 1200
1 288 1200
1 289 1200
1 290 1200
1 291 1200
1 292 1200
1 293 1200
1 294 1200
1 295 1200
1 296 1200
1 297 1200
1 298 1200
1 299 1200
1 300 1200
1 301 1200
1 302 1200
1 303 1200
1 304 1200
1 305 1200
1 306 1200
1 307 1200
1 308 1200
1 309 1200
1 310 1200
1 311 1200
1 312 1200
1 313 1200
1 314 1200
1 315 1200
1 316 1200
1 317 1200
1 318 1200
1 319 1200
1 320 1200
1 321 1200
1 322 1200
1 323 1200
1 324 1200
1 325 1200
1 326 1200
1 327 1200
1 328 1200
1 329 1200
1 330 1200
1 331 1200
1 332 1200
1 333 1200
1 334 1200
1 335 1200
1 336 1200
1 337 1200
1 338 1200
1 339 1200
1 340 1200
1 341 1200
1 342 1200
1 343 1200
1 344 1200
1 345 1200
1 346 1200
1 347 1200
1 348 1200
1 349 1200
1 350 1200
1 351 1200
1 352 1200
1 353 1200
1 354 1200
1 355 1200
1 356 1200
1 357 1200
1 358 1200
1 359 1200
1 360 1200
1 361 1200
1 362 1200
1 363 1200
1 364 1200
1 365 1200
1 366 1200
1 367 1200
1 368 1200
1 369 1200
1 370 1200
1 371 1200
1 372 1200
1 373 1200
1 374 1200
1 375 1200
1 376 1200
1 377 1200
1 378 1200
1 379 1200
1 380 1200
1 381 1200
1 382 1200
1 383 1200
1 384 1200
1 385 1200
1 386 1200
1 387 1200
1 388 1200
1 389 1200
1 390 1200
1 391 1200
1 392 1200
1 393 1200
1 394 1200
1 395 1200
1 396 1200
1 397 1200
1 398 1200
1 399 1200
1 400 1200
1 401 1200
1 402 1200
1 403 1200
1 404 1200
1 405 1200
1 406 1200
1 407 1200
1 408 1200
1 409 1200
1 410 1200
1 411 1200
1 412 1200
1 413 1200
1 414 1200
1 415 1200
1 416 1200
1 417 1200
1 418 1200
1 419 1200
1 420 1200
1 421 1200
1 422 1200
1 423 1200
1 424 1200
1 425 1200
1 426 1200
1 427 1200
1 428 1200
1 429 1200
1 430 1200
1 431 1200
1 432 1200
1 433 1200
1 434 1200
1 435 1200
1 436 1200
1 437 1200
1 438 1200
1 439 1200
1 440 1200
1 441 1200
1 442 1200
1 443 1200
1 444 1200
1 445 1200
1 446 1200
1 447 1200
1 448 1200
1 449 1200
1 450 1200
1 451 1200
1 452 1200
1 453 1200
1 454 1200
1 455 1200
1 456 1200
1 457 1200
1 458 1200
1 459 1200
1 460 1200
1 461 1200
1 462 1200
1 463 1200
1 464 1200
1 465 1200
1 466 1200
1 467 1200
1 468 1200
1 469 1200
1 470 1200
1 471 1200
1 472 1200
1 473 1200
1 474 1200
1 475 1200
1 476 1200
1 477 1200
1 478 1200
1 479 1200
1 480 1200
1 481 1200
1 482 1200
1 483 1200
1 484 1200
1 485 1200
1 486 1200
1 487 1200
1 488 1200
1 489 1200
1 490 1200
1 491 1200
1 492 1200
1 493 1200
1 494 1200
1 495 1200
1 496 1200
1 497 1200
1 498 1200
1 499 1200
1 500 1200
1 501 1200
1 502 1200
1 503 1200
1 504 1200
1 505 1200
1 506 1200
1 507 1200
1 508 1200
1 509 1200
1 510 1200
1 511 1200
1 512 1200
1 513 1200
1 514 1200
1 515 1200
1 516 1200
1 517 1200
1 518 1200
1 519 1200
1 520 1200
1 521 1200
1 522 1200
1 523 1200
1 524 1200
1 525 1200
1 526 1200
1 527 1200
1 528 1200
1 529 1200
1 530 1200
1 531 1200
1 532 1200
1 533 1200
1 534 1200
1 535 1200
1 536 1200
1 537 1200
1 538 1200
1 539 1200
1 540 1200
1 541 1200
1 542 1200
1 543 1200
1 544 1200
1 545 1200
1 546 1200
1 547 1200
1 548 1200
1 549 1200
1 550 1200
1 551 1200
1 552 1200
1 553 1200
1 554 1200
1 555 1200
1 556 1200
1 557 1200
1 558 1200
1 559 1200
1 560 1200
1 561 1200
1 562 1200
1 563 1200
1 564 1200
1 565 1200
1 566 1200
1 567 1200
1 568 1200
1 569 1200
1 570 1200
1 571 1200
1 572 1200
1 573 1200
1 574 1200
1 575 1200
1 576 1200
1 577 1200
1 578 1200
1 579 1200
1 580 1200
1 581 1200
1 582 1200
1 583 1200
1 584 1200
1 585 1200
1 586 1200
1 587 1200
1 588 1200
1 589 1200
1 590 1200
1 591 1200
1 592 1200
1 593 1200
1 594 1200
1 595 1200
1 596 1200
1 597 1200
1 598 1200
1 599 1200
1 600 1200
1 601 1200
1 602 1200
1 603 1200
1 604 1200
1 605 1200
1 606 1200
1 607 1200
1 608 1200
1 609 1200
1 610 1200
1 611 1200
1 612 1200
1 613 1200
1 614 1200
1 615 1200
1 616 1200
1 617 1200
1 618 1200
1 619 1200
1 620 1200
1 621 1200
1 622 1200
1 623 1200
1 624 1200
1 625 1200
1 626 1200
1 627 1200
1 628 1200
1 629 1200
1 630 1200
1 631 1200
1 632 1200
1 633 1200
1 634 1200
1 635 1200
1 636 1200
1 637 1200
1 638 1200
1 639 1200
1 640 1200
1 641 1200
1 642 1200
1 643 1200
1 644 1200
1 645 1200
1 646 1200
1 647 1200
1 648 1200
1 649 1200
1 650 1200
1 651 1200
1 652 1200
1 653 1200
1 654 1200
1 655 1200
1 656 1200
1 657 1200
1 658 1200
1 659 1200
1 660 1200
1 661 1200
1 662 1200
1 663 1200
1 664 1200
1 665 1200
1 666 1200
1 667 1200
1 668 1200
1 669 1200
1 670 1200
1 671 1200
1 672 1200
1 673 1200
1 674 1200
1 675 1200
1 676 1200
1 677 1200
1 678 1200
1 679 1200
1 680 1200
1 681 1200
1 682 1200
1 683 1200
1 684 1200
1 685 1200
1 686 1200
1 687 1200
1 688 1200
1 689 1200
1 690 1200
1 691 1200
1 692 1200
1 693 1200
1 694 1200
1 695 1200
1 696 1200
1 697 1200
1 698 1200
1 699 1200
1 700 1200
1 701 1200
1 702 1200
1 703 1200
1 704 1200
1 705 1200
1 706 1200
1 707 1200
1 708 1200
1 709 1200
1 710 1200
1 711 1200
1 712 1200
1 713 1200
1 714 1200
1 715 1200
1 716 1200
1 717 1200
1 718 1200
1 719 1200
1 720 1200
1 721 1200
1 722 1200
1 723 1200
1 724 1200
1 725 1200
1 726 1200
1 727 1200
1 728 1200
1 729 1200
1 730 1200
1 731 1200
1 732 1200
1 733 1200
1 734 1200
1 735 1200
1 736 1200
1 737 1200
1 738 1200
1 739 1200
1 740 1200
1 741 1200
1 742 1200
1 743 1200
1 744 1200
1 745 1200
1 746 1200
1 747 1200
1 748 1200
1 749 1200
1 750 1200
1 751 1200
1 752 1200
1 753 1200
1 754 1200
1 755 1200
1 756 1200
1 757 1200
1 758 1200
1 759 1200
1 760 1200
1 761 1200
1 762 1200
1 763 1200
1 764 1200
1 765 1200
1 766 1200
1 767 1200
1 768 1200
1 769 1200
1 770 1200
1 771 1200
1 772 1200
1 773 1200
1 774 1200
1 775 1200
1 776 1200
1 777 1200
1 778 1200
1 779 1200
1 780 1200
1 781 1200
1 782 1200
1 783 1200
1 784 1200
1 785 1200
1 786 1200
1 787 1200
1 788 1200
1 789 1200
1 790 1200
1 791 1200
1 792 1200
1 793 1200
1 794 1200
1 795 1200
1 796 1200
1 797 1200
1 798 1200
1 799 1200
1 800 1200
1 801 1200
1 802 1200
1 803 1200
1 804 1200
1 805 1200
1 806 1200
1 807 1200
1 808 1200
1 809 1200
1 810 1200
1 811 1200
1 812 1200
1 813 1200
1 814 1200
1 815 1200
1 816 1200
1 817 1200
1 818 1200
1 819 1200
1 820 1200
1 821 1200
1 822 1200
1 823 1200
1 824 1200
1 825 1200
1 826 1200
1 827 1200
1 828 1200
1 829 1200
1 830 1200
1 831 1200
1 832 1200
1 833 1200
1 834 1200
1 835 1200
1 836 1200
1 837 1200
1 838 1200
1 839 1200
1 840 1200
1 841 1200
1 842 1200
1 843 1200
1 844 1200
1 845 1200
1 846 1200
1 847 1200
1 848 1200
1 849 1200
1 850 1200
1 851 1200
1 852 1200
1 853 1200
1 854 1200
1 855 1200
1 856 1200
1 857 1200
1 858 1200
1 859 1200
1 860 1200
1 861 1200
1 862 1200
1 863 1200
1 864 1200
1 865 1200
1 866 1200
1 867 1200
1 868 1200
1 869 1200
1 870 1200
1 871 1200
1 872 1200
1 873 1200
1 874 1200
1 875 1200
1 876 1200
1 877 1200
1 878 1200
1 879 1200
1 880 1200
1 881 1200
1 882 1200
1 883 1200
1 884 1200
1 885 1200
1 886 1200
1 887 1200
1 888 1200
1 889 1200
1 890 1200
1 891 1200
1 892 1200
1 893 1200
1 894 1200
1 895 1200
1 896 1200
1 897 1200
1 898 1200
1 899 1200
1 900 1200
1 901 1200
1 902 1200
1 903 1200
1 904 1200
1 905 1200
1 906 1200
1 907 1200
1 908 1200
1 909 1200
1 910 1200
1 911 1200
1 912 1200
1 913 1200
1 914 1200
1 915 1200
1 916 1200
1 917 1200
1 918 1200
1 919 1200
1 920 1200
1 921 1200
1 922 1200
1 923 1200
1 924 1200
1 925 1200
1 926 1200
1 927 1200
1 928 1200
1 929 1200
1 930 1200
1 931 1200
1 932 1200
1 933 1200
1 934 1200
1 935 1200
1 936 1200
1 937 1200
1 938 1200
1 939 1200
1 940 1200
1 941 1200
1 942 1200
1 943 1200
1 944 1200
1 945 1200
1 946 1200
1 947 1200
1 948 1200
1 949 1200
1 950 1200
1 951 1200
1 952 1200
1 953 1200
1 954 1200
1 955 1200
1 956 1200
1 957 1200
1 958 1200
1 959 1200
1 960 1200
1 961 1200
1 962 1200
1 963 1200
1 964 1200
1 965 1200
1 966 1200
1 967 1200
1 968 1200
1 969 1200
1 970 1200
1 971 1200
1 972 1200
1 973 1200
1 974 1200
1 975 1200
1 976 1200
1 977 1200
1 978 1200
1 979 1200
1 980 1200
1 981 1200
1 982 1200
1 983 1200
1 984 1200
1 985 1200
1 986 1200
1 987 1200
1 988 1200
1 989 1200
1 990 1200
1 991 1200
1 992 1200
1 993 1200
1 994 1200
1 995 1200
1 996 1200
1 997 1200
1 998 1200
1 999 1200
1 1000 1200
1 2 3 4 5 6 7 8 9 10 11 12 13 14 15 16 17 18 19 20 21 22 23 24 25 26 27 28 29 30 31 32 33 34 35 36 37 38 39 40 41 42 43 44 45 46 47 48 49 50 51 52 53 54 55 56 57 58 59 60 61 62 63 64 65 66 67 68 69 70 71 72 73 74 75 76 77 78 79 80 81 82 83 84 85 86 87 88 89 90 91 92 93 94 95 96 97 98 99 100 101 102 103 104 105 106 107 108 109 110 111 112 113 114 115 116 117 118 119 120 121 122 123 124 125 126 127 128 129 130 131 132 133 134 135 136 137 138 139 140 141 142 143 144 145 146 147 148 149 150 151 152 153 154 155 156 157 158 159 160 161 162 163 164 165 166 167 168 169 170 171 172 173 174 175 176 177 178 179 180 181 182 183 184 185 186 187 188 189 190 191 192 193 194 195 196 197 198 199 200 201 202 203 204 205 206 207 208 209 210 211 212 213 214 215 216 217 218 219 220 221 222 223 224 225 226 227 228 229 230 231 232 233 234 235 236 237 238 239 240 241 242 243 244 245 246 247 248 249 250 251 252 253 254 255 256 257 258 259 260 261 262 263 264 265 266 267 268 269 270 271 272 273 274 275 276 277 278 279 280 281 282 283 284 285 286 287 288 289 290 291 292 293 294 295 296 297 298 299 300 301 302 303 304 305 306 307 308 309 310 311 312 313 314 315 316 317 318 319 320 321 322 323 324 325 326 327 328 329 330 331 332 333 334 335 336 337 338 339 340 341 342 343 344 345 346 347 348 349 350 351 352 353 354 355 356 357 358 359 360 361 362 363 364 365 366 367 368 369 370 371 372 373 374 375 376 377 378 379 380 381 382 383 384 385 386 387 388 389 390 391 392 393 394 395 396 397 398 399 400 401 402 403 404 405 406 407 408 409 410 411 412 413 414 415 416 417 418 419 420 421 422 423 424 425 426 427 428 429 430 431 432 433 434 435 436 437 438 439 440 441 442 443 444 445 446 447 448 449 450 451 452 453 454 455 456 457 458 459 460 461 462 463 464 465 466 467 468 469 470 471 472 473 474 475 476 477 478 479 480 481 482 483 484 485 486 487 488 489 490 491 492 493 494 495 496 497 498 499 500 501 502 503 504 505 506 507 508 509 510 511 512 513 514 515 516 517 518 519 520 521 522 523 524 525 526 527 528 529 530 531 532 533 534 535 536 537 538 539 540 541 542 543 544 545 546 547 548 549 550 551 552 553 554 555 556 557 558 559 560 561 562 563 564 565 566 567 568 569 570 571 572 573 574 575 576 577 578 579 580 581 582 583 584 585 586 587 588 589 590 591 592 593 594 595 596 597 598 599 600 601 602 603 604 605 606 607 608 609 610 611 612 613 614 615 616 617 618 619 620 621 622 623 624 625 626 627 628 629 630 631 632 633 634 635 636 637 638 639 640 641 642 643 644 645 646 647 648 649 650 651 652 653 654 655 656 657 658 659 660 661 662 663 664 665 666 667 668 669 670 671 672 673 674 675 676 677 678 679 680 681 682 683 684 685 686 687 688 689 690 691 692 693 694 695 696 697 698 699 700 701 702 703 704 705 706 707 708 709 710 711 712 713 714 715 716 717 718 719 720 721 722 723 724 725 726 727 728 729 730 731 732 733 734 735 736 737 738 739 740 741 742 743 744 745 746 747 748 749 750 751 752 753 754 755 756 757 758 759 760 761 762 763 764 765 766 767 768 769 770 771 772 773 774 775 776 777 778 779 780 781 782 783 784 785 786 787 788 789 790 791 792 793 794 795 796 797 798 799 800 801 802 803 804 805 806 807 808 809 810 811 812 813 814 815 816 817 818 819 820 821 822 823 824 825 826 827 828 829 830 831 832 833 834 835 836 837 838 839 840 841 842 843 844 845 846 847 848 849 850 851 852 853 854 855 856 857 858 859 860 861 862 863 864 865 866 867 868 869 870 871 872 873 874 875 876 877 878 879 880 881 882 883 884 885 886 887 888 889 890 891 892 893 894 895 896 897 898 899
