2500 4900 1000
1 2 1000
1 51 1000
2 3 1000
2 52 1000
3 4 1000
3 53 1000
4 5 1000
4 54 1000
5 6 1000
5 55 1000
6 7 1000
6 56 1000
7 8 1000
7 57 1000
8 9 1000
8 58 1000
9 10 1000
9 59 1000
10 11 1000
10 60 1000
11 12 1000
11 61 1000
12 13 1000
12 62 1000
13 14 1000
13 63 1000
14 15 1000
14 64 1000
15 16 1000
15 65 1000
16 17 1000
16 66 1000
17 18 1000
17 67 1000
18 19 1000
18 68 1000
19 20 1000
19 69 1000
20 21 1000
20 70 1000
21 22 1000
21 71 1000
22 23 1000
22 72 1000
23 24 1000
23 73 1000
24 25 1000
24 74 1000
25 26 1000
25 75 1000
26 27 1000
26 76 1000
27 28 1000
27 77 1000
28 29 1000
28 78 1000
29 30 1000
29 79 1000
30 31 1000
30 80 1000
31 32 1000
31 81 1000
32 33 1000
32 82 1000
33 34 1000
33 83 1000
34 35 1000
34 84 1000
35 36 1000
35 85 1000
36 37 1000
36 86 1000
37 38 1000
37 87 1000
38 39 1000
38 88 1000
39 40 1000
39 89 1000
40 41 1000
40 90 1000
41 42 1000
41 91 1000
42 43 1000
42 92 1000
43 44 1000
43 93 1000
44 45 1000
44 94 1000
45 46 1000
45 95 1000
46 47 1000
46 96 1000
47 48 1000
47 97 1000
48 49 1000
48 98 1000
49 50 1000
49 99 1000
50 100 1000
51 52 1000
51 101 1000
52 53 1000
52 102 1000
53 54 1000
53 103 1000
54 55 1000
54 104 1000
55 56 1000
55 105 1000
56 57 1000
56 106 1000
57 58 1000
57 107 1000
58 59 1000
58 108 1000
59 60 1000
59 109 1000
60 61 1000
60 110 1000
61 62 1000
61 111 1000
62 63 1000
62 112 1000
63 64 1000
63 113 1000
64 65 1000
64 114 1000
65 66 1000
65 115 1000
66 67 1000
66 116 1000
67 68 1000
67 117 1000
68 69 1000
68 118 1000
69 70 1000
69 119 1000
70 71 1000
70 120 1000
71 72 1000
71 121 1000
72 73 1000
72 122 1000
73 74 1000
73 123 1000
74 75 1000
74 124 1000
75 76 1000
75 125 1000
76 77 1000
76 126 1000
77 78 1000
77 127 1000
78 79 1000
78 128 1000
79 80 1000
79 129 1000
80 81 1000
80 130 1000
81 82 1000
81 131 1000
82 83 1000
82 132 1000
83 84 1000
83 133 1000
84 85 1000
84 134 1000
85 86 1000
85 135 1000
86 87 1000
86 136 1000
87 88 1000
87 137 1000
88 89 1000
88 138 1000
89 90 1000
89 139 1000
90 91 1000
90 140 1000
91 92 1000
91 141 1000
92 93 1000
92 142 1000
93 94 1000
93 143 1000
94 95 1000
94 144 1000
95 96 1000
95 145 1000
96 97 1000
96 146 1000
97 98 1000
97 147 1000
98 99 1000
98 148 1000
99 100 1000
99 149 1000
100 150 1000
101 102 1000
101 151 1000
102 103 1000
102 152 1000
103 104 1000
103 153 1000
104 105 1000
104 154 1000
105 106 1000
105 155 1000
106 107 1000
106 156 1000
107 108 1000
107 157 1000
108 109 1000
108 158 1000
109 110 1000
109 159 1000
110 111 1000
110 160 1000
111 112 1000
111 161 1000
112 113 1000
112 162 1000
113 114 1000
113 163 1000
114 115 1000
114 164 1000
115 116 1000
115 165 1000
116 117 1000
116 166 1000
117 118 1000
117 167 1000
118 119 1000
118 168 1000
119 120 1000
119 169 1000
120 121 1000
120 170 1000
121 122 1000
121 171 1000
122 123 1000
122 172 1000
123 124 1000
123 173 1000
124 125 1000
124 174 1000
125 126 1000
125 175 1000
126 127 1000
126 176 1000
127 128 1000
127 177 1000
128 129 1000
128 178 1000
129 130 1000
129 179 1000
130 131 1000
130 180 1000
131 132 1000
131 181 1000
132 133 1000
132 182 1000
133 134 1000
133 183 1000
134 135 1000
134 184 1000
135 136 1000
135 185 1000
136 137 1000
136 186 1000
137 138 1000
137 187 1000
138 139 1000
138 188 1000
139 140 1000
139 189 1000
140 141 1000
140 190 1000
141 142 1000
141 191 1000
142 143 1000
142 192 1000
143 144 1000
143 193 1000
144 145 1000
144 194 1000
145 146 1000
145 195 1000
146 147 1000
146 196 1000
147 148 1000
147 197 1000
148 149 1000
148 198 1000
149 150 1000
149 199 1000
150 200 1000
151 152 1000
151 201 1000
152 153 1000
152 202 1000
153 154 1000
153 203 1000
154 155 1000
154 204 1000
155 156 1000
155 205 1000
156 157 1000
156 206 1000
157 158 1000
157 207 1000
158 159 1000
158 208 1000
159 160 1000
159 209 1000
160 161 1000
160 210 1000
161 162 1000
161 211 1000
162 163 1000
162 212 1000
163 164 1000
163 213 1000
164 165 1000
164 214 1000
165 166 1000
165 215 1000
166 167 1000
166 216 1000
167 168 1000
167 217 1000
168 169 1000
168 218 1000
169 170 1000
169 219 1000
170 171 1000
170 220 1000
171 172 1000
171 221 1000
172 173 1000
172 222 1000
173 174 1000
173 223 1000
174 175 1000
174 224 1000
175 176 1000
175 225 1000
176 177 1000
176 226 1000
177 178 1000
177 227 1000
178 179 1000
178 228 1000
179 180 1000
179 229 1000
180 181 1000
180 230 1000
181 182 1000
181 231 1000
182 183 1000
182 232 1000
183 184 1000
183 233 1000
184 185 1000
184 234 1000
185 186 1000
185 235 1000
186 187 1000
186 236 1000
187 188 1000
187 237 1000
188 189 1000
188 238 1000
189 190 1000
189 239 1000
190 191 1000
190 240 1000
191 192 1000
191 241 1000
192 193 1000
192 242 1000
193 194 1000
193 243 1000
194 195 1000
194 244 1000
195 196 1000
195 245 1000
196 197 1000
196 246 1000
197 198 1000
197 247 1000
198 199 1000
198 248 1000
199 200 1000
199 249 1000
200 250 1000
201 202 1000
201 251 1000
202 203 1000
202 252 1000
203 204 1000
203 253 1000
204 205 1000
204 254 1000
205 206 1000
205 255 1000
206 207 1000
206 256 1000
207 208 1000
207 257 1000
208 209 1000
208 258 1000
209 210 1000
209 259 1000
210 211 1000
210 260 1000
211 212 1000
211 261 1000
212 213 1000
212 262 1000
213 214 1000
213 263 1000
214 215 1000
214 264 1000
215 216 1000
215 265 1000
216 217 1000
216 266 1000
217 218 1000
217 267 1000
218 219 1000
218 268 1000
219 220 1000
219 269 1000
220 221 1000
220 270 1000
221 222 1000
221 271 1000
222 223 1000
222 272 1000
223 224 1000
223 273 1000
224 225 1000
224 274 1000
225 226 1000
225 275 1000
226 227 1000
226 276 1000
227 228 1000
227 277 1000
228 229 1000
228 278 1000
229 230 1000
229 279 1000
230 231 1000
230 280 1000
231 232 1000
231 281 1000
232 233 1000
232 282 1000
233 234 1000
233 283 1000
234 235 1000
234 284 1000
235 236 1000
235 285 1000
236 237 1000
236 286 1000
237 238 1000
237 287 1000
238 239 1000
238 288 1000
239 240 1000
239 289 1000
240 241 1000
240 290 1000
241 242 1000
241 291 1000
242 243 1000
242 292 1000
243 244 1000
243 293 1000
244 245 1000
244 294 1000
245 246 1000
245 295 1000
246 247 1000
246 296 1000
247 248 1000
247 297 1000
248 249 1000
248 298 1000
249 250 1000
249 299 1000
250 300 1000
251 252 1000
251 301 1000
252 253 1000
252 302 1000
253 254 1000
253 303 1000
254 255 1000
254 304 1000
255 256 1000
255 305 1000
256 257 1000
256 306 1000
257 258 1000
257 307 1000
258 259 1000
258 308 1000
259 260 1000
259 309 1000
260 261 1000
260 310 1000
261 262 1000
261 311 1000
262 263 1000
262 312 1000
263 264 1000
263 313 1000
264 265 1000
264 314 1000
265 266 1000
265 315 1000
266 267 1000
266 316 1000
267 268 1000
267 317 1000
268 269 1000
268 318 1000
269 270 1000
269 319 1000
270 271 1000
270 320 1000
271 272 1000
271 321 1000
272 273 1000
272 322 1000
273 274 1000
273 323 1000
274 275 1000
274 324 1000
275 276 1000
275 325 1000
276 277 1000
276 326 1000
277 278 1000
277 327 1000
278 279 1000
278 328 1000
279 280 1000
279 329 1000
280 281 1000
280 330 1000
281 282 1000
281 331 1000
282 283 1000
282 332 1000
283 284 1000
283 333 1000
284 285 1000
284 334 1000
285 286 1000
285 335 1000
286 287 1000
286 336 1000
287 288 1000
287 337 1000
288 289 1000
288 338 1000
289 290 1000
289 339 1000
290 291 1000
290 340 1000
291 292 1000
291 341 1000
292 293 1000
292 342 1000
293 294 1000
293 343 1000
294 295 1000
294 344 1000
295 296 1000
295 345 1000
296 297 1000
296 346 1000
297 298 1000
297 347 1000
298 299 1000
298 348 1000
299 300 1000
299 349 1000
300 350 1000
301 302 1000
301 351 1000
302 303 1000
302 352 1000
303 304 1000
303 353 1000
304 305 1000
304 354 1000
305 306 1000
305 355 1000
306 307 1000
306 356 1000
307 308 1000
307 357 1000
308 309 1000
308 358 1000
309 310 1000
309 359 1000
310 311 1000
310 360 1000
311 312 1000
311 361 1000
312 313 1000
312 362 1000
313 314 1000
313 363 1000
314 315 1000
314 364 1000
315 316 1000
315 365 1000
316 317 1000
316 366 1000
317 318 1000
317 367 1000
318 319 1000
318 368 1000
319 320 1000
319 369 1000
320 321 1000
320 370 1000
321 322 1000
321 371 1000
322 323 1000
322 372 1000
323 324 1000
323 373 1000
324 325 1000
324 374 1000
325 326 1000
325 375 1000
326 327 1000
326 376 1000
327 328 1000
327 377 1000
328 329 1000
328 378 1000
329 330 1000
329 379 1000
330 331 1000
330 380 1000
331 332 1000
331 381 1000
332 333 1000
332 382 1000
333 334 1000
333 383 1000
334 335 1000
334 384 1000
335 336 1000
335 385 1000
336 337 1000
336 386 1000
337 338 1000
337 387 1000
338 339 1000
338 388 1000
339 340 1000
339 389 1000
340 341 1000
340 390 1000
341 342 1000
341 391 1000
342 343 1000
342 392 1000
343 344 1000
343 393 1000
344 345 1000
344 394 1000
345 346 1000
345 395 1000
346 347 1000
346 396 1000
347 348 1000
347 397 1000
348 349 1000
348 398 1000
349 350 1000
349 399 1000
350 400 1000
351 352 1000
351 401 1000
352 353 1000
352 402 1000
353 354 1000
353 403 1000
354 355 1000
354 404 1000
355 356 1000
355 405 1000
356 357 1000
356 406 1000
357 358 1000
357 407 1000
358 359 1000
358 408 1000
359 360 1000
359 409 1000
360 361 1000
360 410 1000
361 362 1000
361 411 1000
362 363 1000
362 412 1000
363 364 1000
363 413 1000
364 365 1000
364 414 1000
365 366 1000
365 415 1000
366 367 1000
366 416 1000
367 368 1000
367 417 1000
368 369 1000
368 418 1000
369 370 1000
369 419 1000
370 371 1000
370 420 1000
371 372 1000
371 421 1000
372 373 1000
372 422 1000
373 374 1000
373 423 1000
374 375 1000
374 424 1000
375 376 1000
375 425 1000
376 377 1000
376 426 1000
377 378 1000
377 427 1000
378 379 1000
378 428 1000
379 380 1000
379 429 1000
380 381 1000
380 430 1000
381 382 1000
381 431 1000
382 383 1000
382 432 1000
383 384 1000
383 433 1000
384 385 1000
384 434 1000
385 386 1000
385 435 1000
386 387 1000
386 436 1000
387 388 1000
387 437 1000
388 389 1000
388 438 1000
389 390 1000
389 439 1000
390 391 1000
390 440 1000
391 392 1000
391 441 1000
392 393 1000
392 442 1000
393 394 1000
393 443 1000
394 395 1000
394 444 1000
395 396 1000
395 445 1000
396 397 1000
396 446 1000
397 398 1000
397 447 1000
398 399 1000
398 448 1000
399 400 1000
399 449 1000
400 450 1000
401 402 1000
401 451 1000
402 403 1000
402 452 1000
403 404 1000
403 453 1000
404 405 1000
404 454 1000
405 406 1000
405 455 1000
406 407 1000
406 456 1000
407 408 1000
407 457 1000
408 409 1000
408 458 1000
409 410 1000
409 459 1000
410 411 1000
410 460 1000
411 412 1000
411 461 1000
412 413 1000
412 462 1000
413 414 1000
413 463 1000
414 415 1000
414 464 1000
415 416 1000
415 465 1000
416 417 1000
416 466 1000
417 418 1000
417 467 1000
418 419 1000
418 468 1000
419 420 1000
419 469 1000
420 421 1000
420 470 1000
421 422 1000
421 471 1000
422 423 1000
422 472 1000
423 424 1000
423 473 1000
424 425 1000
424 474 1000
425 426 1000
425 475 1000
426 427 1000
426 476 1000
427 428 1000
427 477 1000
428 429 1000
428 478 1000
429 430 1000
429 479 1000
430 431 1000
430 480 1000
431 432 1000
431 481 1000
432 433 1000
432 482 1000
433 434 1000
433 483 1000
434 435 1000
434 484 1000
435 436 1000
435 485 1000
436 437 1000
436 486 1000
437 438 1000
437 487 1000
438 439 1000
438 488 1000
439 440 1000
439 489 1000
440 441 1000
440 490 1000
441 442 1000
441 491 1000
442 443 1000
442 492 1000
443 444 1000
443 493 1000
444 445 1000
444 494 1000
445 446 1000
445 495 1000
446 447 1000
446 496 1000
447 448 1000
447 497 1000
448 449 1000
448 498 1000
449 450 1000
449 499 1000
450 500 1000
451 452 1000
451 501 1000
452 453 1000
452 502 1000
453 454 1000
453 503 1000
454 455 1000
454 504 1000
455 456 1000
455 505 1000
456 457 1000
456 506 1000
457 458 1000
457 507 1000
458 459 1000
458 508 1000
459 460 1000
459 509 1000
460 461 1000
460 510 1000
461 462 1000
461 511 1000
462 463 1000
462 512 1000
463 464 1000
463 513 1000
464 465 1000
464 514 1000
465 466 1000
465 515 1000
466 467 1000
466 516 1000
467 468 1000
467 517 1000
468 469 1000
468 518 1000
469 470 1000
469 519 1000
470 471 1000
470 520 1000
471 472 1000
471 521 1000
472 473 1000
472 522 1000
473 474 1000
473 523 1000
474 475 1000
474 524 1000
475 476 1000
475 525 1000
476 477 1000
476 526 1000
477 478 1000
477 527 1000
478 479 1000
478 528 1000
479 480 1000
479 529 1000
480 481 1000
480 530 1000
481 482 1000
481 531 1000
482 483 1000
482 532 1000
483 484 1000
483 533 1000
484 485 1000
484 534 1000
485 486 1000
485 535 1000
486 487 1000
486 536 1000
487 488 1000
487 537 1000
488 489 1000
488 538 1000
489 490 1000
489 539 1000
490 491 1000
490 540 1000
491 492 1000
491 541 1000
492 493 1000
492 542 1000
493 494 1000
493 543 1000
494 495 1000
494 544 1000
495 496 1000
495 545 1000
496 497 1000
496 546 1000
497 498 1000
497 547 1000
498 499 1000
498 548 1000
499 500 1000
499 549 1000
500 550 1000
501 502 1000
501 551 1000
502 503 1000
502 552 1000
503 504 1000
503 553 1000
504 505 1000
504 554 1000
505 506 1000
505 555 1000
506 507 1000
506 556 1000
507 508 1000
507 557 1000
508 509 1000
508 558 1000
509 510 1000
509 559 1000
510 511 1000
510 560 1000
511 512 1000
511 561 1000
512 513 1000
512 562 1000
513 514 1000
513 563 1000
514 515 1000
514 564 1000
515 516 1000
515 565 1000
516 517 1000
516 566 1000
517 518 1000
517 567 1000
518 519 1000
518 568 1000
519 520 1000
519 569 1000
520 521 1000
520 570 1000
521 522 1000
521 571 1000
522 523 1000
522 572 1000
523 524 1000
523 573 1000
524 525 1000
524 574 1000
525 526 1000
525 575 1000
526 527 1000
526 576 1000
527 528 1000
527 577 1000
528 529 1000
528 578 1000
529 530 1000
529 579 1000
530 531 1000
530 580 1000
531 532 1000
531 581 1000
532 533 1000
532 582 1000
533 534 1000
533 583 1000
534 535 1000
534 584 1000
535 536 1000
535 585 1000
536 537 1000
536 586 1000
537 538 1000
537 587 1000
538 539 1000
538 588 1000
539 540 1000
539 589 1000
540 541 1000
540 590 1000
541 542 1000
541 591 1000
542 543 1000
542 592 1000
543 544 1000
543 593 1000
544 545 1000
544 594 1000
545 546 1000
545 595 1000
546 547 1000
546 596 1000
547 548 1000
547 597 1000
548 549 1000
548 598 1000
549 550 1000
549 599 1000
550 600 1000
551 552 1000
551 601 1000
552 553 1000
552 602 1000
553 554 1000
553 603 1000
554 555 1000
554 604 1000
555 556 1000
555 605 1000
556 557 1000
556 606 1000
557 558 1000
557 607 1000
558 559 1000
558 608 1000
559 560 1000
559 609 1000
560 561 1000
560 610 1000
561 562 1000
561 611 1000
562 563 1000
562 612 1000
563 564 1000
563 613 1000
564 565 1000
564 614 1000
565 566 1000
565 615 1000
566 567 1000
566 616 1000
567 568 1000
567 617 1000
568 569 1000
568 618 1000
569 570 1000
569 619 1000
570 571 1000
570 620 1000
571 572 1000
571 621 1000
572 573 1000
572 622 1000
573 574 1000
573 623 1000
574 575 1000
574 624 1000
575 576 1000
575 625 1000
576 577 1000
576 626 1000
577 578 1000
577 627 1000
578 579 1000
578 628 1000
579 580 1000
579 629 1000
580 581 1000
580 630 1000
581 582 1000
581 631 1000
582 583 1000
582 632 1000
583 584 1000
583 633 1000
584 585 1000
584 634 1000
585 586 1000
585 635 1000
586 587 1000
586 636 1000
587 588 1000
587 637 1000
588 589 1000
588 638 1000
589 590 1000
589 639 1000
590 591 1000
590 640 1000
591 592 1000
591 641 1000
592 593 1000
592 642 1000
593 594 1000
593 643 1000
594 595 1000
594 644 1000
595 596 1000
595 645 1000
596 597 1000
596 646 1000
597 598 1000
597 647 1000
598 599 1000
598 648 1000
599 600 1000
599 649 1000
600 650 1000
601 602 1000
601 651 1000
602 603 1000
602 652 1000
603 604 1000
603 653 1000
604 605 1000
604 654 1000
605 606 1000
605 655 1000
606 607 1000
606 656 1000
607 608 1000
607 657 1000
608 609 1000
608 658 1000
609 610 1000
609 659 1000
610 611 1000
610 660 1000
611 612 1000
611 661 1000
612 613 1000
612 662 1000
613 614 1000
613 663 1000
614 615 1000
614 664 1000
615 616 1000
615 665 1000
616 617 1000
616 666 1000
617 618 1000
617 667 1000
618 619 1000
618 668 1000
619 620 1000
619 669 1000
620 621 1000
620 670 1000
621 622 1000
621 671 1000
622 623 1000
622 672 1000
623 624 1000
623 673 1000
624 625 1000
624 674 1000
625 626 1000
625 675 1000
626 627 1000
626 676 1000
627 628 1000
627 677 1000
628 629 1000
628 678 1000
629 630 1000
629 679 1000
630 631 1000
630 680 1000
631 632 1000
631 681 1000
632 633 1000
632 682 1000
633 634 1000
633 683 1000
634 635 1000
634 684 1000
635 636 1000
635 685 1000
636 637 1000
636 686 1000
637 638 1000
637 687 1000
638 639 1000
638 688 1000
639 640 1000
639 689 1000
640 641 1000
640 690 1000
641 642 1000
641 691 1000
642 643 1000
642 692 1000
643 644 1000
643 693 1000
644 645 1000
644 694 1000
645 646 1000
645 695 1000
646 647 1000
646 696 1000
647 648 1000
647 697 1000
648 649 1000
648 698 1000
649 650 1000
649 699 1000
650 700 1000
651 652 1000
651 701 1000
652 653 1000
652 702 1000
653 654 1000
653 703 1000
654 655 1000
654 704 1000
655 656 1000
655 705 1000
656 657 1000
656 706 1000
657 658 1000
657 707 1000
658 659 1000
658 708 1000
659 660 1000
659 709 1000
660 661 1000
660 710 1000
661 662 1000
661 711 1000
662 663 1000
662 712 1000
663 664 1000
663 713 1000
664 665 1000
664 714 1000
665 666 1000
665 715 1000
666 667 1000
666 716 1000
667 668 1000
667 717 1000
668 669 1000
668 718 1000
669 670 1000
669 719 1000
670 671 1000
670 720 1000
671 672 1000
671 721 1000
672 673 1000
672 722 1000
673 674 1000
673 723 1000
674 675 1000
674 724 1000
675 676 1000
675 725 1000
676 677 1000
676 726 1000
677 678 1000
677 727 1000
678 679 1000
678 728 1000
679 680 1000
679 729 1000
680 681 1000
680 730 1000
681 682 1000
681 731 1000
682 683 1000
682 732 1000
683 684 1000
683 733 1000
684 685 1000
684 734 1000
685 686 1000
685 735 1000
686 687 1000
686 736 1000
687 688 1000
687 737 1000
688 689 1000
688 738 1000
689 690 1000
689 739 1000
690 691 1000
690 740 1000
691 692 1000
691 741 1000
692 693 1000
692 742 1000
693 694 1000
693 743 1000
694 695 1000
694 744 1000
695 696 1000
695 745 1000
696 697 1000
696 746 1000
697 698 1000
697 747 1000
698 699 1000
698 748 1000
699 700 1000
699 749 1000
700 750 1000
701 702 1000
701 751 1000
702 703 1000
702 752 1000
703 704 1000
703 753 1000
704 705 1000
704 754 1000
705 706 1000
705 755 1000
706 707 1000
706 756 1000
707 708 1000
707 757 1000
708 709 1000
708 758 1000
709 710 1000
709 759 1000
710 711 1000
710 760 1000
711 712 1000
711 761 1000
712 713 1000
712 762 1000
713 714 1000
713 763 1000
714 715 1000
714 764 1000
715 716 1000
715 765 1000
716 717 1000
716 766 1000
717 718 1000
717 767 1000
718 719 1000
718 768 1000
719 720 1000
719 769 1000
720 721 1000
720 770 1000
721 722 1000
721 771 1000
722 723 1000
722 772 1000
723 724 1000
723 773 1000
724 725 1000
724 774 1000
725 726 1000
725 775 1000
726 727 1000
726 776 1000
727 728 1000
727 777 1000
728 729 1000
728 778 1000
729 730 1000
729 779 1000
730 731 1000
730 780 1000
731 732 1000
731 781 1000
732 733 1000
732 782 1000
733 734 1000
733 783 1000
734 735 1000
734 784 1000
735 736 1000
735 785 1000
736 737 1000
736 786 1000
737 738 1000
737 787 1000
738 739 1000
738 788 1000
739 740 1000
739 789 1000
740 741 1000
740 790 1000
741 742 1000
741 791 1000
742 743 1000
742 792 1000
743 744 1000
743 793 1000
744 745 1000
744 794 1000
745 746 1000
745 795 1000
746 747 1000
746 796 1000
747 748 1000
747 797 1000
748 749 1000
748 798 1000
749 750 1000
749 799 1000
750 800 1000
751 752 1000
751 801 1000
752 753 1000
752 802 1000
753 754 1000
753 803 1000
754 755 1000
754 804 1000
755 756 1000
755 805 1000
756 757 1000
756 806 1000
757 758 1000
757 807 1000
758 759 1000
758 808 1000
759 760 1000
759 809 1000
760 761 1000
760 810 1000
761 762 1000
761 811 1000
762 763 1000
762 812 1000
763 764 1000
763 813 1000
764 765 1000
764 814 1000
765 766 1000
765 815 1000
766 767 1000
766 816 1000
767 768 1000
767 817 1000
768 769 1000
768 818 1000
769 770 1000
769 819 1000
770 771 1000
770 820 1000
771 772 1000
771 821 1000
772 773 1000
772 822 1000
773 774 1000
773 823 1000
774 775 1000
774 824 1000
775 776 1000
775 825 1000
776 777 1000
776 826 1000
777 778 1000
777 827 1000
778 779 1000
778 828 1000
779 780 1000
779 829 1000
780 781 1000
780 830 1000
781 782 1000
781 831 1000
782 783 1000
782 832 1000
783 784 1000
783 833 1000
784 785 1000
784 834 1000
785 786 1000
785 835 1000
786 787 1000
786 836 1000
787 788 1000
787 837 1000
788 789 1000
788 838 1000
789 790 1000
789 839 1000
790 791 1000
790 840 1000
791 792 1000
791 841 1000
792 793 1000
792 842 1000
793 794 1000
793 843 1000
794 795 1000
794 844 1000
795 796 1000
795 845 1000
796 797 1000
796 846 1000
797 798 1000
797 847 1000
798 799 1000
798 848 1000
799 800 1000
799 849 1000
800 850 1000
801 802 1000
801 851 1000
802 803 1000
802 852 1000
803 804 1000
803 853 1000
804 805 1000
804 854 1000
805 806 1000
805 855 1000
806 807 1000
806 856 1000
807 808 1000
807 857 1000
808 809 1000
808 858 1000
809 810 1000
809 859 1000
810 811 1000
810 860 1000
811 812 1000
811 861 1000
812 813 1000
812 862 1000
813 814 1000
813 863 1000
814 815 1000
814 864 1000
815 816 1000
815 865 1000
816 817 1000
816 866 1000
817 818 1000
817 867 1000
818 819 1000
818 868 1000
819 820 1000
819 869 1000
820 821 1000
820 870 1000
821 822 1000
821 871 1000
822 823 1000
822 872 1000
823 824 1000
823 873 1000
824 825 1000
824 874 1000
825 826 1000
825 875 1000
826 827 1000
826 876 1000
827 828 1000
827 877 1000
828 829 1000
828 878 1000
829 830 1000
829 879 1000
830 831 1000
830 880 1000
831 832 1000
831 881 1000
832 833 1000
832 882 1000
833 834 1000
833 883 1000
834 835 1000
834 884 1000
835 836 1000
835 885 1000
836 837 1000
836 886 1000
837 838 1000
837 887 1000
838 839 1000
838 888 1000
839 840 1000
839 889 1000
840 841 1000
840 890 1000
841 842 1000
841 891 1000
842 843 1000
842 892 1000
843 844 1000
843 893 1000
844 845 1000
844 894 1000
845 846 1000
845 895 1000
846 847 1000
846 896 1000
847 848 1000
847 897 1000
848 849 1000
848 898 1000
849 850 1000
849 899 1000
850 900 1000
851 852 1000
851 901 1000
852 853 1000
852 902 1000
853 854 1000
853 903 1000
854 855 1000
854 904 1000
855 856 1000
855 905 1000
856 857 1000
856 906 1000
857 858 1000
857 907 1000
858 859 1000
858 908 1000
859 860 1000
859 909 1000
860 861 1000
860 910 1000
861 862 1000
861 911 1000
862 863 1000
862 912 1000
863 864 1000
863 913 1000
864 865 1000
864 914 1000
865 866 1000
865 915 1000
866 867 1000
866 916 1000
867 868 1000
867 917 1000
868 869 1000
868 918 1000
869 870 1000
869 919 1000
870 871 1000
870 920 1000
871 872 1000
871 921 1000
872 873 1000
872 922 1000
873 874 1000
873 923 1000
874 875 1000
874 924 1000
875 876 1000
875 925 1000
876 877 1000
876 926 1000
877 878 1000
877 927 1000
878 879 1000
878 928 1000
879 880 1000
879 929 1000
880 881 1000
880 930 1000
881 882 1000
881 931 1000
882 883 1000
882 932 1000
883 884 1000
883 933 1000
884 885 1000
884 934 1000
885 886 1000
885 935 1000
886 887 1000
886 936 1000
887 888 1000
887 937 1000
888 889 1000
888 938 1000
889 890 1000
889 939 1000
890 891 1000
890 940 1000
891 892 1000
891 941 1000
892 893 1000
892 942 1000
893 894 1000
893 943 1000
894 895 1000
894 944 1000
895 896 1000
895 945 1000
896 897 1000
896 946 1000
897 898 1000
897 947 1000
898 899 1000
898 948 1000
899 900 1000
899 949 1000
900 950 1000
901 902 1000
901 951 1000
902 903 1000
902 952 1000
903 904 1000
903 953 1000
904 905 1000
904 954 1000
905 906 1000
905 955 1000
906 907 1000
906 956 1000
907 908 1000
907 957 1000
908 909 1000
908 958 1000
909 910 1000
909 959 1000
910 911 1000
910 960 1000
911 912 1000
911 961 1000
912 913 1000
912 962 1000
913 914 1000
913 963 1000
914 915 1000
914 964 1000
915 916 1000
915 965 1000
916 917 1000
916 966 1000
917 918 1000
917 967 1000
918 919 1000
918 968 1000
919 920 1000
919 969 1000
920 921 1000
920 970 1000
921 922 1000
921 971 1000
922 923 1000
922 972 1000
923 924 1000
923 973 1000
924 925 1000
924 974 1000
925 926 1000
925 975 1000
926 927 1000
926 976 1000
927 928 1000
927 977 1000
928 929 1000
928 978 1000
929 930 1000
929 979 1000
930 931 1000
930 980 1000
931 932 1000
931 981 1000
932 933 1000
932 982 1000
933 934 1000
933 983 1000
934 935 1000
934 984 1000
935 936 1000
935 985 1000
936 937 1000
936 986 1000
937 938 1000
937 987 1000
938 939 1000
938 988 1000
939 940 1000
939 989 1000
940 941 1000
940 990 1000
941 942 1000
941 991 1000
942 943 1000
942 992 1000
943 944 1000
943 993 1000
944 945 1000
944 994 1000
945 946 1000
945 995 1000
946 947 1000
946 996 1000
947 948 1000
947 997 1000
948 949 1000
948 998 1000
949 950 1000
949 999 1000
950 1000 1000
951 952 1000
951 1001 1000
952 953 1000
952 1002 1000
953 954 1000
953 1003 1000
954 955 1000
954 1004 1000
955 956 1000
955 1005 1000
956 957 1000
956 1006 1000
957 958 1000
957 1007 1000
958 959 1000
958 1008 1000
959 960 1000
959 1009 1000
960 961 1000
960 1010 1000
961 962 1000
961 1011 1000
962 963 1000
962 1012 1000
963 964 1000
963 1013 1000
964 965 1000
964 1014 1000
965 966 1000
965 1015 1000
966 967 1000
966 1016 1000
967 968 1000
967 1017 1000
968 969 1000
968 1018 1000
969 970 1000
969 1019 1000
970 971 1000
970 1020 1000
971 972 1000
971 1021 1000
972 973 1000
972 1022 1000
973 974 1000
973 1023 1000
974 975 1000
974 1024 1000
975 976 1000
975 1025 1000
976 977 1000
976 1026 1000
977 978 1000
977 1027 1000
978 979 1000
978 1028 1000
979 980 1000
979 1029 1000
980 981 1000
980 1030 1000
981 982 1000
981 1031 1000
982 983 1000
982 1032 1000
983 984 1000
983 1033 1000
984 985 1000
984 1034 1000
985 986 1000
985 1035 1000
986 987 1000
986 1036 1000
987 988 1000
987 1037 1000
988 989 1000
988 1038 1000
989 990 1000
989 1039 1000
990 991 1000
990 1040 1000
991 992 1000
991 1041 1000
992 993 1000
992 1042 1000
993 994 1000
993 1043 1000
994 995 1000
994 1044 1000
995 996 1000
995 1045 1000
996 997 1000
996 1046 1000
997 998 1000
997 1047 1000
998 999 1000
998 1048 1000
999 1000 1000
999 1049 1000
1000 1050 1000
1001 1002 1000
1001 1051 1000
1002 1003 1000
1002 1052 1000
1003 1004 1000
1003 1053 1000
1004 1005 1000
1004 1054 1000
1005 1006 1000
1005 1055 1000
1006 1007 1000
1006 1056 1000
1007 1008 1000
1007 1057 1000
1008 1009 1000
1008 1058 1000
1009 1010 1000
1009 1059 1000
1010 1011 1000
1010 1060 1000
1011 1012 1000
1011 1061 1000
1012 1013 1000
1012 1062 1000
1013 1014 1000
1013 1063 1000
1014 1015 1000
1014 1064 1000
1015 1016 1000
1015 1065 1000
1016 1017 1000
1016 1066 1000
1017 1018 1000
1017 1067 1000
1018 1019 1000
1018 1068 1000
1019 1020 1000
1019 1069 1000
1020 1021 1000
1020 1070 1000
1021 1022 1000
1021 1071 1000
1022 1023 1000
1022 1072 1000
1023 1024 1000
1023 1073 1000
1024 1025 1000
1024 1074 1000
1025 1026 1000
1025 1075 1000
1026 1027 1000
1026 1076 1000
1027 1028 1000
1027 1077 1000
1028 1029 1000
1028 1078 1000
1029 1030 1000
1029 1079 1000
1030 1031 1000
1030 1080 1000
1031 1032 1000
1031 1081 1000
1032 1033 1000
1032 1082 1000
1033 1034 1000
1033 1083 1000
1034 1035 1000
1034 1084 1000
1035 1036 1000
1035 1085 1000
1036 1037 1000
1036 1086 1000
1037 1038 1000
1037 1087 1000
1038 1039 1000
1038 1088 1000
1039 1040 1000
1039 1089 1000
1040 1041 1000
1040 1090 1000
1041 1042 1000
1041 1091 1000
1042 1043 1000
1042 1092 1000
1043 1044 1000
1043 1093 1000
1044 1045 1000
1044 1094 1000
1045 1046 1000
1045 1095 1000
1046 1047 1000
1046 1096 1000
1047 1048 1000
1047 1097 1000
1048 1049 1000
1048 1098 1000
1049 1050 1000
1049 1099 1000
1050 1100 1000
1051 1052 1000
1051 1101 1000
1052 1053 1000
1052 1102 1000
1053 1054 1000
1053 1103 1000
1054 1055 1000
1054 1104 1000
1055 1056 1000
1055 1105 1000
1056 1057 1000
1056 1106 1000
1057 1058 1000
1057 1107 1000
1058 1059 1000
1058 1108 1000
1059 1060 1000
1059 1109 1000
1060 1061 1000
1060 1110 1000
1061 1062 1000
1061 1111 1000
1062 1063 1000
1062 1112 1000
1063 1064 1000
1063 1113 1000
1064 1065 1000
1064 1114 1000
1065 1066 1000
1065 1115 1000
1066 1067 1000
1066 1116 1000
1067 1068 1000
1067 1117 1000
1068 1069 1000
1068 1118 1000
1069 1070 1000
1069 1119 1000
1070 1071 1000
1070 1120 1000
1071 1072 1000
1071 1121 1000
1072 1073 1000
1072 1122 1000
1073 1074 1000
1073 1123 1000
1074 1075 1000
1074 1124 1000
1075 1076 1000
1075 1125 1000
1076 1077 1000
1076 1126 1000
1077 1078 1000
1077 1127 1000
1078 1079 1000
1078 1128 1000
1079 1080 1000
1079 1129 1000
1080 1081 1000
1080 1130 1000
1081 1082 1000
1081 1131 1000
1082 1083 1000
1082 1132 1000
1083 1084 1000
1083 1133 1000
1084 1085 1000
1084 1134 1000
1085 1086 1000
1085 1135 1000
1086 1087 1000
1086 1136 1000
1087 1088 1000
1087 1137 1000
1088 1089 1000
1088 1138 1000
1089 1090 1000
1089 1139 1000
1090 1091 1000
1090 1140 1000
1091 1092 1000
1091 1141 1000
1092 1093 1000
1092 1142 1000
1093 1094 1000
1093 1143 1000
1094 1095 1000
1094 1144 1000
1095 1096 1000
1095 1145 1000
1096 1097 1000
1096 1146 1000
1097 1098 1000
1097 1147 1000
1098 1099 1000
1098 1148 1000
1099 1100 1000
1099 1149 1000
1100 1150 1000
1101 1102 1000
1101 1151 1000
1102 1103 1000
1102 1152 1000
1103 1104 1000
1103 1153 1000
1104 1105 1000
1104 1154 1000
1105 1106 1000
1105 1155 1000
1106 1107 1000
1106 1156 1000
1107 1108 1000
1107 1157 1000
1108 1109 1000
1108 1158 1000
1109 1110 1000
1109 1159 1000
1110 1111 1000
1110 1160 1000
1111 1112 1000
1111 1161 1000
1112 1113 1000
1112 1162 1000
1113 1114 1000
1113 1163 1000
1114 1115 1000
1114 1164 1000
1115 1116 1000
1115 1165 1000
1116 1117 1000
1116 1166 1000
1117 1118 1000
1117 1167 1000
1118 1119 1000
1118 1168 1000
1119 1120 1000
1119 1169 1000
1120 1121 1000
1120 1170 1000
1121 1122 1000
1121 1171 1000
1122 1123 1000
1122 1172 1000
1123 1124 1000
1123 1173 1000
1124 1125 1000
1124 1174 1000
1125 1126 1000
1125 1175 1000
1126 1127 1000
1126 1176 1000
1127 1128 1000
1127 1177 1000
1128 1129 1000
1128 1178 1000
1129 1130 1000
1129 1179 1000
1130 1131 1000
1130 1180 1000
1131 1132 1000
1131 1181 1000
1132 1133 1000
1132 1182 1000
1133 1134 1000
1133 1183 1000
1134 1135 1000
1134 1184 1000
1135 1136 1000
1135 1185 1000
1136 1137 1000
1136 1186 1000
1137 1138 1000
1137 1187 1000
1138 1139 1000
1138 1188 1000
1139 1140 1000
1139 1189 1000
1140 1141 1000
1140 1190 1000
1141 1142 1000
1141 1191 1000
1142 1143 1000
1142 1192 1000
1143 1144 1000
1143 1193 1000
1144 1145 1000
1144 1194 1000
1145 1146 1000
1145 1195 1000
1146 1147 1000
1146 1196 1000
1147 1148 1000
1147 1197 1000
1148 1149 1000
1148 1198 1000
1149 1150 1000
1149 1199 1000
1150 1200 1000
1151 1152 1000
1151 1201 1000
1152 1153 1000
1152 1202 1000
1153 1154 1000
1153 1203 1000
1154 1155 1000
1154 1204 1000
1155 1156 1000
1155 1205 1000
1156 1157 1000
1156 1206 1000
1157 1158 1000
1157 1207 1000
1158 1159 1000
1158 1208 1000
1159 1160 1000
1159 1209 1000
1160 1161 1000
1160 1210 1000
1161 1162 1000
1161 1211 1000
1162 1163 1000
1162 1212 1000
1163 1164 1000
1163 1213 1000
1164 1165 1000
1164 1214 1000
1165 1166 1000
1165 1215 1000
1166 1167 1000
1166 1216 1000
1167 1168 1000
1167 1217 1000
1168 1169 1000
1168 1218 1000
1169 1170 1000
1169 1219 1000
1170 1171 1000
1170 1220 1000
1171 1172 1000
1171 1221 1000
1172 1173 1000
1172 1222 1000
1173 1174 1000
1173 1223 1000
1174 1175 1000
1174 1224 1000
1175 1176 1000
1175 1225 1000
1176 1177 1000
1176 1226 1000
1177 1178 1000
1177 1227 1000
1178 1179 1000
1178 1228 1000
1179 1180 1000
1179 1229 1000
1180 1181 1000
1180 1230 1000
1181 1182 1000
1181 1231 1000
1182 1183 1000
1182 1232 1000
1183 1184 1000
1183 1233 1000
1184 1185 1000
1184 1234 1000
1185 1186 1000
1185 1235 1000
1186 1187 1000
1186 1236 1000
1187 1188 1000
1187 1237 1000
1188 1189 1000
1188 1238 1000
1189 1190 1000
1189 1239 1000
1190 1191 1000
1190 1240 1000
1191 1192 1000
1191 1241 1000
1192 1193 1000
1192 1242 1000
1193 1194 1000
1193 1243 1000
1194 1195 1000
1194 1244 1000
1195 1196 1000
1195 1245 1000
1196 1197 1000
1196 1246 1000
1197 1198 1000
1197 1247 1000
1198 1199 1000
1198 1248 1000
1199 1200 1000
1199 1249 1000
1200 1250 1000
1201 1202 1000
1201 1251 1000
1202 1203 1000
1202 1252 1000
1203 1204 1000
1203 1253 1000
1204 1205 1000
1204 1254 1000
1205 1206 1000
1205 1255 1000
1206 1207 1000
1206 1256 1000
1207 1208 1000
1207 1257 1000
1208 1209 1000
1208 1258 1000
1209 1210 1000
1209 1259 1000
1210 1211 1000
1210 1260 1000
1211 1212 1000
1211 1261 1000
1212 1213 1000
1212 1262 1000
1213 1214 1000
1213 1263 1000
1214 1215 1000
1214 1264 1000
1215 1216 1000
1215 1265 1000
1216 1217 1000
1216 1266 1000
1217 1218 1000
1217 1267 1000
1218 1219 1000
1218 1268 1000
1219 1220 1000
1219 1269 1000
1220 1221 1000
1220 1270 1000
1221 1222 1000
1221 1271 1000
1222 1223 1000
1222 1272 1000
1223 1224 1000
1223 1273 1000
1224 1225 1000
1224 1274 1000
1225 1226 1000
1225 1275 1000
1226 1227 1000
1226 1276 1000
1227 1228 1000
1227 1277 1000
1228 1229 1000
1228 1278 1000
1229 1230 1000
1229 1279 1000
1230 1231 1000
1230 1280 1000
1231 1232 1000
1231 1281 1000
1232 1233 1000
1232 1282 1000
1233 1234 1000
1233 1283 1000
1234 1235 1000
1234 1284 1000
1235 1236 1000
1235 1285 1000
1236 1237 1000
1236 1286 1000
1237 1238 1000
1237 1287 1000
1238 1239 1000
1238 1288 1000
1239 1240 1000
1239 1289 1000
1240 1241 1000
1240 1290 1000
1241 1242 1000
1241 1291 1000
1242 1243 1000
1242 1292 1000
1243 1244 1000
1243 1293 1000
1244 1245 1000
1244 1294 1000
1245 1246 1000
1245 1295 1000
1246 1247 1000
1246 1296 1000
1247 1248 1000
1247 1297 1000
1248 1249 1000
1248 1298 1000
1249 1250 1000
1249 1299 1000
1250 1300 1000
1251 1252 1000
1251 1301 1000
1252 1253 1000
1252 1302 1000
1253 1254 1000
1253 1303 1000
1254 1255 1000
1254 1304 1000
1255 1256 1000
1255 1305 1000
1256 1257 1000
1256 1306 1000
1257 1258 1000
1257 1307 1000
1258 1259 1000
1258 1308 1000
1259 1260 1000
1259 1309 1000
1260 1261 1000
1260 1310 1000
1261 1262 1000
1261 1311 1000
1262 1263 1000
1262 1312 1000
1263 1264 1000
1263 1313 1000
1264 1265 1000
1264 1314 1000
1265 1266 1000
1265 1315 1000
1266 1267 1000
1266 1316 1000
1267 1268 1000
1267 1317 1000
1268 1269 1000
1268 1318 1000
1269 1270 1000
1269 1319 1000
1270 1271 1000
1270 1320 1000
1271 1272 1000
1271 1321 1000
1272 1273 1000
1272 1322 1000
1273 1274 1000
1273 1323 1000
1274 1275 1000
1274 1324 1000
1275 1276 1000
1275 1325 1000
1276 1277 1000
1276 1326 1000
1277 1278 1000
1277 1327 1000
1278 1279 1000
1278 1328 1000
1279 1280 1000
1279 1329 1000
1280 1281 1000
1280 1330 1000
1281 1282 1000
1281 1331 1000
1282 1283 1000
1282 1332 1000
1283 1284 1000
1283 1333 1000
1284 1285 1000
1284 1334 1000
1285 1286 1000
1285 1335 1000
1286 1287 1000
1286 1336 1000
1287 1288 1000
1287 1337 1000
1288 1289 1000
1288 1338 1000
1289 1290 1000
1289 1339 1000
1290 1291 1000
1290 1340 1000
1291 1292 1000
1291 1341 1000
1292 1293 1000
1292 1342 1000
1293 1294 1000
1293 1343 1000
1294 1295 1000
1294 1344 1000
1295 1296 1000
1295 1345 1000
1296 1297 1000
1296 1346 1000
1297 1298 1000
1297 1347 1000
1298 1299 1000
1298 1348 1000
1299 1300 1000
1299 1349 1000
1300 1350 1000
1301 1302 1000
1301 1351 1000
1302 1303 1000
1302 1352 1000
1303 1304 1000
1303 1353 1000
1304 1305 1000
1304 1354 1000
1305 1306 1000
1305 1355 1000
1306 1307 1000
1306 1356 1000
1307 1308 1000
1307 1357 1000
1308 1309 1000
1308 1358 1000
1309 1310 1000
1309 1359 1000
1310 1311 1000
1310 1360 1000
1311 1312 1000
1311 1361 1000
1312 1313 1000
1312 1362 1000
1313 1314 1000
1313 1363 1000
1314 1315 1000
1314 1364 1000
1315 1316 1000
1315 1365 1000
1316 1317 1000
1316 1366 1000
1317 1318 1000
1317 1367 1000
1318 1319 1000
1318 1368 1000
1319 1320 1000
1319 1369 1000
1320 1321 1000
1320 1370 1000
1321 1322 1000
1321 1371 1000
1322 1323 1000
1322 1372 1000
1323 1324 1000
1323 1373 1000
1324 1325 1000
1324 1374 1000
1325 1326 1000
1325 1375 1000
1326 1327 1000
1326 1376 1000
1327 1328 1000
1327 1377 1000
1328 1329 1000
1328 1378 1000
1329 1330 1000
1329 1379 1000
1330 1331 1000
1330 1380 1000
1331 1332 1000
1331 1381 1000
1332 1333 1000
1332 1382 1000
1333 1334 1000
1333 1383 1000
1334 1335 1000
1334 1384 1000
1335 1336 1000
1335 1385 1000
1336 1337 1000
1336 1386 1000
1337 1338 1000
1337 1387 1000
1338 1339 1000
1338 1388 1000
1339 1340 1000
1339 1389 1000
1340 1341 1000
1340 1390 1000
1341 1342 1000
1341 1391 1000
1342 1343 1000
1342 1392 1000
1343 1344 1000
1343 1393 1000
1344 1345 1000
1344 1394 1000
1345 1346 1000
1345 1395 1000
1346 1347 1000
1346 1396 1000
1347 1348 1000
1347 1397 1000
1348 1349 1000
1348 1398 1000
1349 1350 1000
1349 1399 1000
1350 1400 1000
1351 1352 1000
1351 1401 1000
1352 1353 1000
1352 1402 1000
1353 1354 1000
1353 1403 1000
1354 1355 1000
1354 1404 1000
1355 1356 1000
1355 1405 1000
1356 1357 1000
1356 1406 1000
1357 1358 1000
1357 1407 1000
1358 1359 1000
1358 1408 1000
1359 1360 1000
1359 1409 1000
1360 1361 1000
1360 1410 1000
1361 1362 1000
1361 1411 1000
1362 1363 1000
1362 1412 1000
1363 1364 1000
1363 1413 1000
1364 1365 1000
1364 1414 1000
1365 1366 1000
1365 1415 1000
1366 1367 1000
1366 1416 1000
1367 1368 1000
1367 1417 1000
1368 1369 1000
1368 1418 1000
1369 1370 1000
1369 1419 1000
1370 1371 1000
1370 1420 1000
1371 1372 1000
1371 1421 1000
1372 1373 1000
1372 1422 1000
1373 1374 1000
1373 1423 1000
1374 1375 1000
1374 1424 1000
1375 1376 1000
1375 1425 1000
1376 1377 1000
1376 1426 1000
1377 1378 1000
1377 1427 1000
1378 1379 1000
1378 1428 1000
1379 1380 1000
1379 1429 1000
1380 1381 1000
1380 1430 1000
1381 1382 1000
1381 1431 1000
1382 1383 1000
1382 1432 1000
1383 1384 1000
1383 1433 1000
1384 1385 1000
1384 1434 1000
1385 1386 1000
1385 1435 1000
1386 1387 1000
1386 1436 1000
1387 1388 1000
1387 1437 1000
1388 1389 1000
1388 1438 1000
1389 1390 1000
1389 1439 1000
1390 1391 1000
1390 1440 1000
1391 1392 1000
1391 1441 1000
1392 1393 1000
1392 1442 1000
1393 1394 1000
1393 1443 1000
1394 1395 1000
1394 1444 1000
1395 1396 1000
1395 1445 1000
1396 1397 1000
1396 1446 1000
1397 1398 1000
1397 1447 1000
1398 1399 1000
1398 1448 1000
1399 1400 1000
1399 1449 1000
1400 1450 1000
1401 1402 1000
1401 1451 1000
1402 1403 1000
1402 1452 1000
1403 1404 1000
1403 1453 1000
1404 1405 1000
1404 1454 1000
1405 1406 1000
1405 1455 1000
1406 1407 1000
1406 1456 1000
1407 1408 1000
1407 1457 1000
1408 1409 1000
1408 1458 1000
1409 1410 1000
1409 1459 1000
1410 1411 1000
1410 1460 1000
1411 1412 1000
1411 1461 1000
1412 1413 1000
1412 1462 1000
1413 1414 1000
1413 1463 1000
1414 1415 1000
1414 1464 1000
1415 1416 1000
1415 1465 1000
1416 1417 1000
1416 1466 1000
1417 1418 1000
1417 1467 1000
1418 1419 1000
1418 1468 1000
1419 1420 1000
1419 1469 1000
1420 1421 1000
1420 1470 1000
1421 1422 1000
1421 1471 1000
1422 1423 1000
1422 1472 1000
1423 1424 1000
1423 1473 1000
1424 1425 1000
1424 1474 1000
1425 1426 1000
1425 1475 1000
1426 1427 1000
1426 1476 1000
1427 1428 1000
1427 1477 1000
1428 1429 1000
1428 1478 1000
1429 1430 1000
1429 1479 1000
1430 1431 1000
1430 1480 1000
1431 1432 1000
1431 1481 1000
1432 1433 1000
1432 1482 1000
1433 1434 1000
1433 1483 1000
1434 1435 1000
1434 1484 1000
1435 1436 1000
1435 1485 1000
1436 1437 1000
1436 1486 1000
1437 1438 1000
1437 1487 1000
1438 1439 1000
1438 1488 1000
1439 1440 1000
1439 1489 1000
1440 1441 1000
1440 1490 1000
1441 1442 1000
1441 1491 1000
1442 1443 1000
1442 1492 1000
1443 1444 1000
1443 1493 1000
1444 1445 1000
1444 1494 1000
1445 1446 1000
1445 1495 1000
1446 1447 1000
1446 1496 1000
1447 1448 1000
1447 1497 1000
1448 1449 1000
1448 1498 1000
1449 1450 1000
1449 1499 1000
1450 1500 1000
1451 1452 1000
1451 1501 1000
1452 1453 1000
1452 1502 1000
1453 1454 1000
1453 1503 1000
1454 1455 1000
1454 1504 1000
1455 1456 1000
1455 1505 1000
1456 1457 1000
1456 1506 1000
1457 1458 1000
1457 1507 1000
1458 1459 1000
1458 1508 1000
1459 1460 1000
1459 1509 1000
1460 1461 1000
1460 1510 1000
1461 1462 1000
1461 1511 1000
1462 1463 1000
1462 1512 1000
1463 1464 1000
1463 1513 1000
1464 1465 1000
1464 1514 1000
1465 1466 1000
1465 1515 1000
1466 1467 1000
1466 1516 1000
1467 1468 1000
1467 1517 1000
1468 1469 1000
1468 1518 1000
1469 1470 1000
1469 1519 1000
1470 1471 1000
1470 1520 1000
1471 1472 1000
1471 1521 1000
1472 1473 1000
1472 1522 1000
1473 1474 1000
1473 1523 1000
1474 1475 1000
1474 1524 1000
1475 1476 1000
1475 1525 1000
1476 1477 1000
1476 1526 1000
1477 1478 1000
1477 1527 1000
1478 1479 1000
1478 1528 1000
1479 1480 1000
1479 1529 1000
1480 1481 1000
1480 1530 1000
1481 1482 1000
1481 1531 1000
1482 1483 1000
1482 1532 1000
1483 1484 1000
1483 1533 1000
1484 1485 1000
1484 1534 1000
1485 1486 1000
1485 1535 1000
1486 1487 1000
1486 1536 1000
1487 1488 1000
1487 1537 1000
1488 1489 1000
1488 1538 1000
1489 1490 1000
1489 1539 1000
1490 1491 1000
1490 1540 1000
1491 1492 1000
1491 1541 1000
1492 1493 1000
1492 1542 1000
1493 1494 1000
1493 1543 1000
1494 1495 1000
1494 1544 1000
1495 1496 1000
1495 1545 1000
1496 1497 1000
1496 1546 1000
1497 1498 1000
1497 1547 1000
1498 1499 1000
1498 1548 1000
1499 1500 1000
1499 1549 1000
1500 1550 1000
1501 1502 1000
1501 1551 1000
1502 1503 1000
1502 1552 1000
1503 1504 1000
1503 1553 1000
1504 1505 1000
1504 1554 1000
1505 1506 1000
1505 1555 1000
1506 1507 1000
1506 1556 1000
1507 1508 1000
1507 1557 1000
1508 1509 1000
1508 1558 1000
1509 1510 1000
1509 1559 1000
1510 1511 1000
1510 1560 1000
1511 1512 1000
1511 1561 1000
1512 1513 1000
1512 1562 1000
1513 1514 1000
1513 1563 1000
1514 1515 1000
1514 1564 1000
1515 1516 1000
1515 1565 1000
1516 1517 1000
1516 1566 1000
1517 1518 1000
1517 1567 1000
1518 1519 1000
1518 1568 1000
1519 1520 1000
1519 1569 1000
1520 1521 1000
1520 1570 1000
1521 1522 1000
1521 1571 1000
1522 1523 1000
1522 1572 1000
1523 1524 1000
1523 1573 1000
1524 1525 1000
1524 1574 1000
1525 1526 1000
1525 1575 1000
1526 1527 1000
1526 1576 1000
1527 1528 1000
1527 1577 1000
1528 1529 1000
1528 1578 1000
1529 1530 1000
1529 1579 1000
1530 1531 1000
1530 1580 1000
1531 1532 1000
1531 1581 1000
1532 1533 1000
1532 1582 1000
1533 1534 1000
1533 1583 1000
1534 1535 1000
1534 1584 1000
1535 1536 1000
1535 1585 1000
1536 1537 1000
1536 1586 1000
1537 1538 1000
1537 1587 1000
1538 1539 1000
1538 1588 1000
1539 1540 1000
1539 1589 1000
1540 1541 1000
1540 1590 1000
1541 1542 1000
1541 1591 1000
1542 1543 1000
1542 1592 1000
1543 1544 1000
1543 1593 1000
1544 1545 1000
1544 1594 1000
1545 1546 1000
1545 1595 1000
1546 1547 1000
1546 1596 1000
1547 1548 1000
1547 1597 1000
1548 1549 1000
1548 1598 1000
1549 1550 1000
1549 1599 1000
1550 1600 1000
1551 1552 1000
1551 1601 1000
1552 1553 1000
1552 1602 1000
1553 1554 1000
1553 1603 1000
1554 1555 1000
1554 1604 1000
1555 1556 1000
1555 1605 1000
1556 1557 1000
1556 1606 1000
1557 1558 1000
1557 1607 1000
1558 1559 1000
1558 1608 1000
1559 1560 1000
1559 1609 1000
1560 1561 1000
1560 1610 1000
1561 1562 1000
1561 1611 1000
1562 1563 1000
1562 1612 1000
1563 1564 1000
1563 1613 1000
1564 1565 1000
1564 1614 1000
1565 1566 1000
1565 1615 1000
1566 1567 1000
1566 1616 1000
1567 1568 1000
1567 1617 1000
1568 1569 1000
1568 1618 1000
1569 1570 1000
1569 1619 1000
1570 1571 1000
1570 1620 1000
1571 1572 1000
1571 1621 1000
1572 1573 1000
1572 1622 1000
1573 1574 1000
1573 1623 1000
1574 1575 1000
1574 1624 1000
1575 1576 1000
1575 1625 1000
1576 1577 1000
1576 1626 1000
1577 1578 1000
1577 1627 1000
1578 1579 1000
1578 1628 1000
1579 1580 1000
1579 1629 1000
1580 1581 1000
1580 1630 1000
1581 1582 1000
1581 1631 1000
1582 1583 1000
1582 1632 1000
1583 1584 1000
1583 1633 1000
1584 1585 1000
1584 1634 1000
1585 1586 1000
1585 1635 1000
1586 1587 1000
1586 1636 1000
1587 1588 1000
1587 1637 1000
1588 1589 1000
1588 1638 1000
1589 1590 1000
1589 1639 1000
1590 1591 1000
1590 1640 1000
1591 1592 1000
1591 1641 1000
1592 1593 1000
1592 1642 1000
1593 1594 1000
1593 1643 1000
1594 1595 1000
1594 1644 1000
1595 1596 1000
1595 1645 1000
1596 1597 1000
1596 1646 1000
1597 1598 1000
1597 1647 1000
1598 1599 1000
1598 1648 1000
1599 1600 1000
1599 1649 1000
1600 1650 1000
1601 1602 1000
1601 1651 1000
1602 1603 1000
1602 1652 1000
1603 1604 1000
1603 1653 1000
1604 1605 1000
1604 1654 1000
1605 1606 1000
1605 1655 1000
1606 1607 1000
1606 1656 1000
1607 1608 1000
1607 1657 1000
1608 1609 1000
1608 1658 1000
1609 1610 1000
1609 1659 1000
1610 1611 1000
1610 1660 1000
1611 1612 1000
1611 1661 1000
1612 1613 1000
1612 1662 1000
1613 1614 1000
1613 1663 1000
1614 1615 1000
1614 1664 1000
1615 1616 1000
1615 1665 1000
1616 1617 1000
1616 1666 1000
1617 1618 1000
1617 1667 1000
1618 1619 1000
1618 1668 1000
1619 1620 1000
1619 1669 1000
1620 1621 1000
1620 1670 1000
1621 1622 1000
1621 1671 1000
1622 1623 1000
1622 1672 1000
1623 1624 1000
1623 1673 1000
1624 1625 1000
1624 1674 1000
1625 1626 1000
1625 1675 1000
1626 1627 1000
1626 1676 1000
1627 1628 1000
1627 1677 1000
1628 1629 1000
1628 1678 1000
1629 1630 1000
1629 1679 1000
1630 1631 1000
1630 1680 1000
1631 1632 1000
1631 1681 1000
1632 1633 1000
1632 1682 1000
1633 1634 1000
1633 1683 1000
1634 1635 1000
1634 1684 1000
1635 1636 1000
1635 1685 1000
1636 1637 1000
1636 1686 1000
1637 1638 1000
1637 1687 1000
1638 1639 1000
1638 1688 1000
1639 1640 1000
1639 1689 1000
1640 1641 1000
1640 1690 1000
1641 1642 1000
1641 1691 1000
1642 1643 1000
1642 1692 1000
1643 1644 1000
1643 1693 1000
1644 1645 1000
1644 1694 1000
1645 1646 1000
1645 1695 1000
1646 1647 1000
1646 1696 1000
1647 1648 1000
1647 1697 1000
1648 1649 1000
1648 1698 1000
1649 1650 1000
1649 1699 1000
1650 1700 1000
1651 1652 1000
1651 1701 1000
1652 1653 1000
1652 1702 1000
1653 1654 1000
1653 1703 1000
1654 1655 1000
1654 1704 1000
1655 1656 1000
1655 1705 1000
1656 1657 1000
1656 1706 1000
1657 1658 1000
1657 1707 1000
1658 1659 1000
1658 1708 1000
1659 1660 1000
1659 1709 1000
1660 1661 1000
1660 1710 1000
1661 1662 1000
1661 1711 1000
1662 1663 1000
1662 1712 1000
1663 1664 1000
1663 1713 1000
1664 1665 1000
1664 1714 1000
1665 1666 1000
1665 1715 1000
1666 1667 1000
1666 1716 1000
1667 1668 1000
1667 1717 1000
1668 1669 1000
1668 1718 1000
1669 1670 1000
1669 1719 1000
1670 1671 1000
1670 1720 1000
1671 1672 1000
1671 1721 1000
1672 1673 1000
1672 1722 1000
1673 1674 1000
1673 1723 1000
1674 1675 1000
1674 1724 1000
1675 1676 1000
1675 1725 1000
1676 1677 1000
1676 1726 1000
1677 1678 1000
1677 1727 1000
1678 1679 1000
1678 1728 1000
1679 1680 1000
1679 1729 1000
1680 1681 1000
1680 1730 1000
1681 1682 1000
1681 1731 1000
1682 1683 1000
1682 1732 1000
1683 1684 1000
1683 1733 1000
1684 1685 1000
1684 1734 1000
1685 1686 1000
1685 1735 1000
1686 1687 1000
1686 1736 1000
1687 1688 1000
1687 1737 1000
1688 1689 1000
1688 1738 1000
1689 1690 1000
1689 1739 1000
1690 1691 1000
1690 1740 1000
1691 1692 1000
1691 1741 1000
1692 1693 1000
1692 1742 1000
1693 1694 1000
1693 1743 1000
1694 1695 1000
1694 1744 1000
1695 1696 1000
1695 1745 1000
1696 1697 1000
1696 1746 1000
1697 1698 1000
1697 1747 1000
1698 1699 1000
1698 1748 1000
1699 1700 1000
1699 1749 1000
1700 1750 1000
1701 1702 1000
1701 1751 1000
1702 1703 1000
1702 1752 1000
1703 1704 1000
1703 1753 1000
1704 1705 1000
1704 1754 1000
1705 1706 1000
1705 1755 1000
1706 1707 1000
1706 1756 1000
1707 1708 1000
1707 1757 1000
1708 1709 1000
1708 1758 1000
1709 1710 1000
1709 1759 1000
1710 1711 1000
1710 1760 1000
1711 1712 1000
1711 1761 1000
1712 1713 1000
1712 1762 1000
1713 1714 1000
1713 1763 1000
1714 1715 1000
1714 1764 1000
1715 1716 1000
1715 1765 1000
1716 1717 1000
1716 1766 1000
1717 1718 1000
1717 1767 1000
1718 1719 1000
1718 1768 1000
1719 1720 1000
1719 1769 1000
1720 1721 1000
1720 1770 1000
1721 1722 1000
1721 1771 1000
1722 1723 1000
1722 1772 1000
1723 1724 1000
1723 1773 1000
1724 1725 1000
1724 1774 1000
1725 1726 1000
1725 1775 1000
1726 1727 1000
1726 1776 1000
1727 1728 1000
1727 1777 1000
1728 1729 1000
1728 1778 1000
1729 1730 1000
1729 1779 1000
1730 1731 1000
1730 1780 1000
1731 1732 1000
1731 1781 1000
1732 1733 1000
1732 1782 1000
1733 1734 1000
1733 1783 1000
1734 1735 1000
1734 1784 1000
1735 1736 1000
1735 1785 1000
1736 1737 1000
1736 1786 1000
1737 1738 1000
1737 1787 1000
1738 1739 1000
1738 1788 1000
1739 1740 1000
1739 1789 1000
1740 1741 1000
1740 1790 1000
1741 1742 1000
1741 1791 1000
1742 1743 1000
1742 1792 1000
1743 1744 1000
1743 1793 1000
1744 1745 1000
1744 1794 1000
1745 1746 1000
1745 1795 1000
1746 1747 1000
1746 1796 1000
1747 1748 1000
1747 1797 1000
1748 1749 1000
1748 1798 1000
1749 1750 1000
1749 1799 1000
1750 1800 1000
1751 1752 1000
1751 1801 1000
1752 1753 1000
1752 1802 1000
1753 1754 1000
1753 1803 1000
1754 1755 1000
1754 1804 1000
1755 1756 1000
1755 1805 1000
1756 1757 1000
1756 1806 1000
1757 1758 1000
1757 1807 1000
1758 1759 1000
1758 1808 1000
1759 1760 1000
1759 1809 1000
1760 1761 1000
1760 1810 1000
1761 1762 1000
1761 1811 1000
1762 1763 1000
1762 1812 1000
1763 1764 1000
1763 1813 1000
1764 1765 1000
1764 1814 1000
1765 1766 1000
1765 1815 1000
1766 1767 1000
1766 1816 1000
1767 1768 1000
1767 1817 1000
1768 1769 1000
1768 1818 1000
1769 1770 1000
1769 1819 1000
1770 1771 1000
1770 1820 1000
1771 1772 1000
1771 1821 1000
1772 1773 1000
1772 1822 1000
1773 1774 1000
1773 1823 1000
1774 1775 1000
1774 1824 1000
1775 1776 1000
1775 1825 1000
1776 1777 1000
1776 1826 1000
1777 1778 1000
1777 1827 1000
1778 1779 1000
1778 1828 1000
1779 1780 1000
1779 1829 1000
1780 1781 1000
1780 1830 1000
1781 1782 1000
1781 1831 1000
1782 1783 1000
1782 1832 1000
1783 1784 1000
1783 1833 1000
1784 1785 1000
1784 1834 1000
1785 1786 1000
1785 1835 1000
1786 1787 1000
1786 1836 1000
1787 1788 1000
1787 1837 1000
1788 1789 1000
1788 1838 1000
1789 1790 1000
1789 1839 1000
1790 1791 1000
1790 1840 1000
1791 1792 1000
1791 1841 1000
1792 1793 1000
1792 1842 1000
1793 1794 1000
1793 1843 1000
1794 1795 1000
1794 1844 1000
1795 1796 1000
1795 1845 1000
1796 1797 1000
1796 1846 1000
1797 1798 1000
1797 1847 1000
1798 1799 1000
1798 1848 1000
1799 1800 1000
1799 1849 1000
1800 1850 1000
1801 1802 1000
1801 1851 1000
1802 1803 1000
1802 1852 1000
1803 1804 1000
1803 1853 1000
1804 1805 1000
1804 1854 1000
1805 1806 1000
1805 1855 1000
1806 1807 1000
1806 1856 1000
1807 1808 1000
1807 1857 1000
1808 1809 1000
1808 1858 1000
1809 1810 1000
1809 1859 1000
1810 1811 1000
1810 1860 1000
1811 1812 1000
1811 1861 1000
1812 1813 1000
1812 1862 1000
1813 1814 1000
1813 1863 1000
1814 1815 1000
1814 1864 1000
1815 1816 1000
1815 1865 1000
1816 1817 1000
1816 1866 1000
1817 1818 1000
1817 1867 1000
1818 1819 1000
1818 1868 1000
1819 1820 1000
1819 1869 1000
1820 1821 1000
1820 1870 1000
1821 1822 1000
1821 1871 1000
1822 1823 1000
1822 1872 1000
1823 1824 1000
1823 1873 1000
1824 1825 1000
1824 1874 1000
1825 1826 1000
1825 1875 1000
1826 1827 1000
1826 1876 1000
1827 1828 1000
1827 1877 1000
1828 1829 1000
1828 1878 1000
1829 1830 1000
1829 1879 1000
1830 1831 1000
1830 1880 1000
1831 1832 1000
1831 1881 1000
1832 1833 1000
1832 1882 1000
1833 1834 1000
1833 1883 1000
1834 1835 1000
1834 1884 1000
1835 1836 1000
1835 1885 1000
1836 1837 1000
1836 1886 1000
1837 1838 1000
1837 1887 1000
1838 1839 1000
1838 1888 1000
1839 1840 1000
1839 1889 1000
1840 1841 1000
1840 1890 1000
1841 1842 1000
1841 1891 1000
1842 1843 1000
1842 1892 1000
1843 1844 1000
1843 1893 1000
1844 1845 1000
1844 1894 1000
1845 1846 1000
1845 1895 1000
1846 1847 1000
1846 1896 1000
1847 1848 1000
1847 1897 1000
1848 1849 1000
1848 1898 1000
1849 1850 1000
1849 1899 1000
1850 1900 1000
1851 1852 1000
1851 1901 1000
1852 1853 1000
1852 1902 1000
1853 1854 1000
1853 1903 1000
1854 1855 1000
1854 1904 1000
1855 1856 1000
1855 1905 1000
1856 1857 1000
1856 1906 1000
1857 1858 1000
1857 1907 1000
1858 1859 1000
1858 1908 1000
1859 1860 1000
1859 1909 1000
1860 1861 1000
1860 1910 1000
1861 1862 1000
1861 1911 1000
1862 1863 1000
1862 1912 1000
1863 1864 1000
1863 1913 1000
1864 1865 1000
1864 1914 1000
1865 1866 1000
1865 1915 1000
1866 1867 1000
1866 1916 1000
1867 1868 1000
1867 1917 1000
1868 1869 1000
1868 1918 1000
1869 1870 1000
1869 1919 1000
1870 1871 1000
1870 1920 1000
1871 1872 1000
1871 1921 1000
1872 1873 1000
1872 1922 1000
1873 1874 1000
1873 1923 1000
1874 1875 1000
1874 1924 1000
1875 1876 1000
1875 1925 1000
1876 1877 1000
1876 1926 1000
1877 1878 1000
1877 1927 1000
1878 1879 1000
1878 1928 1000
1879 1880 1000
1879 1929 1000
1880 1881 1000
1880 1930 1000
1881 1882 1000
1881 1931 1000
1882 1883 1000
1882 1932 1000
1883 1884 1000
1883 1933 1000
1884 1885 1000
1884 1934 1000
1885 1886 1000
1885 1935 1000
1886 1887 1000
1886 1936 1000
1887 1888 1000
1887 1937 1000
1888 1889 1000
1888 1938 1000
1889 1890 1000
1889 1939 1000
1890 1891 1000
1890 1940 1000
1891 1892 1000
1891 1941 1000
1892 1893 1000
1892 1942 1000
1893 1894 1000
1893 1943 1000
1894 1895 1000
1894 1944 1000
1895 1896 1000
1895 1945 1000
1896 1897 1000
1896 1946 1000
1897 1898 1000
1897 1947 1000
1898 1899 1000
1898 1948 1000
1899 1900 1000
1899 1949 1000
1900 1950 1000
1901 1902 1000
1901 1951 1000
1902 1903 1000
1902 1952 1000
1903 1904 1000
1903 1953 1000
1904 1905 1000
1904 1954 1000
1905 1906 1000
1905 1955 1000
1906 1907 1000
1906 1956 1000
1907 1908 1000
1907 1957 1000
1908 1909 1000
1908 1958 1000
1909 1910 1000
1909 1959 1000
1910 1911 1000
1910 1960 1000
1911 1912 1000
1911 1961 1000
1912 1913 1000
1912 1962 1000
1913 1914 1000
1913 1963 1000
1914 1915 1000
1914 1964 1000
1915 1916 1000
1915 1965 1000
1916 1917 1000
1916 1966 1000
1917 1918 1000
1917 1967 1000
1918 1919 1000
1918 1968 1000
1919 1920 1000
1919 1969 1000
1920 1921 1000
1920 1970 1000
1921 1922 1000
1921 1971 1000
1922 1923 1000
1922 1972 1000
1923 1924 1000
1923 1973 1000
1924 1925 1000
1924 1974 1000
1925 1926 1000
1925 1975 1000
1926 1927 1000
1926 1976 1000
1927 1928 1000
1927 1977 1000
1928 1929 1000
1928 1978 1000
1929 1930 1000
1929 1979 1000
1930 1931 1000
1930 1980 1000
1931 1932 1000
1931 1981 1000
1932 1933 1000
1932 1982 1000
1933 1934 1000
1933 1983 1000
1934 1935 1000
1934 1984 1000
1935 1936 1000
1935 1985 1000
1936 1937 1000
1936 1986 1000
1937 1938 1000
1937 1987 1000
1938 1939 1000
1938 1988 1000
1939 1940 1000
1939 1989 1000
1940 1941 1000
1940 1990 1000
1941 1942 1000
1941 1991 1000
1942 1943 1000
1942 1992 1000
1943 1944 1000
1943 1993 1000
1944 1945 1000
1944 1994 1000
1945 1946 1000
1945 1995 1000
1946 1947 1000
1946 1996 1000
1947 1948 1000
1947 1997 1000
1948 1949 1000
1948 1998 1000
1949 1950 1000
1949 1999 1000
1950 2000 1000
1951 1952 1000
1951 2001 1000
1952 1953 1000
1952 2002 1000
1953 1954 1000
1953 2003 1000
1954 1955 1000
1954 2004 1000
1955 1956 1000
1955 2005 1000
1956 1957 1000
1956 2006 1000
1957 1958 1000
1957 2007 1000
1958 1959 1000
1958 2008 1000
1959 1960 1000
1959 2009 1000
1960 1961 1000
1960 2010 1000
1961 1962 1000
1961 2011 1000
1962 1963 1000
1962 2012 1000
1963 1964 1000
1963 2013 1000
1964 1965 1000
1964 2014 1000
1965 1966 1000
1965 2015 1000
1966 1967 1000
1966 2016 1000
1967 1968 1000
1967 2017 1000
1968 1969 1000
1968 2018 1000
1969 1970 1000
1969 2019 1000
1970 1971 1000
1970 2020 1000
1971 1972 1000
1971 2021 1000
1972 1973 1000
1972 2022 1000
1973 1974 1000
1973 2023 1000
1974 1975 1000
1974 2024 1000
1975 1976 1000
1975 2025 1000
1976 1977 1000
1976 2026 1000
1977 1978 1000
1977 2027 1000
1978 1979 1000
1978 2028 1000
1979 1980 1000
1979 2029 1000
1980 1981 1000
1980 2030 1000
1981 1982 1000
1981 2031 1000
1982 1983 1000
1982 2032 1000
1983 1984 1000
1983 2033 1000
1984 1985 1000
1984 2034 1000
1985 1986 1000
1985 2035 1000
1986 1987 1000
1986 2036 1000
1987 1988 1000
1987 2037 1000
1988 1989 1000
1988 2038 1000
1989 1990 1000
1989 2039 1000
1990 1991 1000
1990 2040 1000
1991 1992 1000
1991 2041 1000
1992 1993 1000
1992 2042 1000
1993 1994 1000
1993 2043 1000
1994 1995 1000
1994 2044 1000
1995 1996 1000
1995 2045 1000
1996 1997 1000
1996 2046 1000
1997 1998 1000
1997 2047 1000
1998 1999 1000
1998 2048 1000
1999 2000 1000
1999 2049 1000
2000 2050 1000
2001 2002 1000
2001 2051 1000
2002 2003 1000
2002 2052 1000
2003 2004 1000
2003 2053 1000
2004 2005 1000
2004 2054 1000
2005 2006 1000
2005 2055 1000
2006 2007 1000
2006 2056 1000
2007 2008 1000
2007 2057 1000
2008 2009 1000
2008 2058 1000
2009 2010 1000
2009 2059 1000
2010 2011 1000
2010 2060 1000
2011 2012 1000
2011 2061 1000
2012 2013 1000
2012 2062 1000
2013 2014 1000
2013 2063 1000
2014 2015 1000
2014 2064 1000
2015 2016 1000
2015 2065 1000
2016 2017 1000
2016 2066 1000
2017 2018 1000
2017 2067 1000
2018 2019 1000
2018 2068 1000
2019 2020 1000
2019 2069 1000
2020 2021 1000
2020 2070 1000
2021 2022 1000
2021 2071 1000
2022 2023 1000
2022 2072 1000
2023 2024 1000
2023 2073 1000
2024 2025 1000
2024 2074 1000
2025 2026 1000
2025 2075 1000
2026 2027 1000
2026 2076 1000
2027 2028 1000
2027 2077 1000
2028 2029 1000
2028 2078 1000
2029 2030 1000
2029 2079 1000
2030 2031 1000
2030 2080 1000
2031 2032 1000
2031 2081 1000
2032 2033 1000
2032 2082 1000
2033 2034 1000
2033 2083 1000
2034 2035 1000
2034 2084 1000
2035 2036 1000
2035 2085 1000
2036 2037 1000
2036 2086 1000
2037 2038 1000
2037 2087 1000
2038 2039 1000
2038 2088 1000
2039 2040 1000
2039 2089 1000
2040 2041 1000
2040 2090 1000
2041 2042 1000
2041 2091 1000
2042 2043 1000
2042 2092 1000
2043 2044 1000
2043 2093 1000
2044 2045 1000
2044 2094 1000
2045 2046 1000
2045 2095 1000
2046 2047 1000
2046 2096 1000
2047 2048 1000
2047 2097 1000
2048 2049 1000
2048 2098 1000
2049 2050 1000
2049 2099 1000
2050 2100 1000
2051 2052 1000
2051 2101 1000
2052 2053 1000
2052 2102 1000
2053 2054 1000
2053 2103 1000
2054 2055 1000
2054 2104 1000
2055 2056 1000
2055 2105 1000
2056 2057 1000
2056 2106 1000
2057 2058 1000
2057 2107 1000
2058 2059 1000
2058 2108 1000
2059 2060 1000
2059 2109 1000
2060 2061 1000
2060 2110 1000
2061 2062 1000
2061 2111 1000
2062 2063 1000
2062 2112 1000
2063 2064 1000
2063 2113 1000
2064 2065 1000
2064 2114 1000
2065 2066 1000
2065 2115 1000
2066 2067 1000
2066 2116 1000
2067 2068 1000
2067 2117 1000
2068 2069 1000
2068 2118 1000
2069 2070 1000
2069 2119 1000
2070 2071 1000
2070 2120 1000
2071 2072 1000
2071 2121 1000
2072 2073 1000
2072 2122 1000
2073 2074 1000
2073 2123 1000
2074 2075 1000
2074 2124 1000
2075 2076 1000
2075 2125 1000
2076 2077 1000
2076 2126 1000
2077 2078 1000
2077 2127 1000
2078 2079 1000
2078 2128 1000
2079 2080 1000
2079 2129 1000
2080 2081 1000
2080 2130 1000
2081 2082 1000
2081 2131 1000
2082 2083 1000
2082 2132 1000
2083 2084 1000
2083 2133 1000
2084 2085 1000
2084 2134 1000
2085 2086 1000
2085 2135 1000
2086 2087 1000
2086 2136 1000
2087 2088 1000
2087 2137 1000
2088 2089 1000
2088 2138 1000
2089 2090 1000
2089 2139 1000
2090 2091 1000
2090 2140 1000
2091 2092 1000
2091 2141 1000
2092 2093 1000
2092 2142 1000
2093 2094 1000
2093 2143 1000
2094 2095 1000
2094 2144 1000
2095 2096 1000
2095 2145 1000
2096 2097 1000
2096 2146 1000
2097 2098 1000
2097 2147 1000
2098 2099 1000
2098 2148 1000
2099 2100 1000
2099 2149 1000
2100 2150 1000
2101 2102 1000
2101 2151 1000
2102 2103 1000
2102 2152 1000
2103 2104 1000
2103 2153 1000
2104 2105 1000
2104 2154 1000
2105 2106 1000
2105 2155 1000
2106 2107 1000
2106 2156 1000
2107 2108 1000
2107 2157 1000
2108 2109 1000
2108 2158 1000
2109 2110 1000
2109 2159 1000
2110 2111 1000
2110 2160 1000
2111 2112 1000
2111 2161 1000
2112 2113 1000
2112 2162 1000
2113 2114 1000
2113 2163 1000
2114 2115 1000
2114 2164 1000
2115 2116 1000
2115 2165 1000
2116 2117 1000
2116 2166 1000
2117 2118 1000
2117 2167 1000
2118 2119 1000
2118 2168 1000
2119 2120 1000
2119 2169 1000
2120 2121 1000
2120 2170 1000
2121 2122 1000
2121 2171 1000
2122 2123 1000
2122 2172 1000
2123 2124 1000
2123 2173 1000
2124 2125 1000
2124 2174 1000
2125 2126 1000
2125 2175 1000
2126 2127 1000
2126 2176 1000
2127 2128 1000
2127 2177 1000
2128 2129 1000
2128 2178 1000
2129 2130 1000
2129 2179 1000
2130 2131 1000
2130 2180 1000
2131 2132 1000
2131 2181 1000
2132 2133 1000
2132 2182 1000
2133 2134 1000
2133 2183 1000
2134 2135 1000
2134 2184 1000
2135 2136 1000
2135 2185 1000
2136 2137 1000
2136 2186 1000
2137 2138 1000
2137 2187 1000
2138 2139 1000
2138 2188 1000
2139 2140 1000
2139 2189 1000
2140 2141 1000
2140 2190 1000
2141 2142 1000
2141 2191 1000
2142 2143 1000
2142 2192 1000
2143 2144 1000
2143 2193 1000
2144 2145 1000
2144 2194 1000
2145 2146 1000
2145 2195 1000
2146 2147 1000
2146 2196 1000
2147 2148 1000
2147 2197 1000
2148 2149 1000
2148 2198 1000
2149 2150 1000
2149 2199 1000
2150 2200 1000
2151 2152 1000
2151 2201 1000
2152 2153 1000
2152 2202 1000
2153 2154 1000
2153 2203 1000
2154 2155 1000
2154 2204 1000
2155 2156 1000
2155 2205 1000
2156 2157 1000
2156 2206 1000
2157 2158 1000
2157 2207 1000
2158 2159 1000
2158 2208 1000
2159 2160 1000
2159 2209 1000
2160 2161 1000
2160 2210 1000
2161 2162 1000
2161 2211 1000
2162 2163 1000
2162 2212 1000
2163 2164 1000
2163 2213 1000
2164 2165 1000
2164 2214 1000
2165 2166 1000
2165 2215 1000
2166 2167 1000
2166 2216 1000
2167 2168 1000
2167 2217 1000
2168 2169 1000
2168 2218 1000
2169 2170 1000
2169 2219 1000
2170 2171 1000
2170 2220 1000
2171 2172 1000
2171 2221 1000
2172 2173 1000
2172 2222 1000
2173 2174 1000
2173 2223 1000
2174 2175 1000
2174 2224 1000
2175 2176 1000
2175 2225 1000
2176 2177 1000
2176 2226 1000
2177 2178 1000
2177 2227 1000
2178 2179 1000
2178 2228 1000
2179 2180 1000
2179 2229 1000
2180 2181 1000
2180 2230 1000
2181 2182 1000
2181 2231 1000
2182 2183 1000
2182 2232 1000
2183 2184 1000
2183 2233 1000
2184 2185 1000
2184 2234 1000
2185 2186 1000
2185 2235 1000
2186 2187 1000
2186 2236 1000
2187 2188 1000
2187 2237 1000
2188 2189 1000
2188 2238 1000
2189 2190 1000
2189 2239 1000
2190 2191 1000
2190 2240 1000
2191 2192 1000
2191 2241 1000
2192 2193 1000
2192 2242 1000
2193 2194 1000
2193 2243 1000
2194 2195 1000
2194 2244 1000
2195 2196 1000
2195 2245 1000
2196 2197 1000
2196 2246 1000
2197 2198 1000
2197 2247 1000
2198 2199 1000
2198 2248 1000
2199 2200 1000
2199 2249 1000
2200 2250 1000
2201 2202 1000
2201 2251 1000
2202 2203 1000
2202 2252 1000
2203 2204 1000
2203 2253 1000
2204 2205 1000
2204 2254 1000
2205 2206 1000
2205 2255 1000
2206 2207 1000
2206 2256 1000
2207 2208 1000
2207 2257 1000
2208 2209 1000
2208 2258 1000
2209 2210 1000
2209 2259 1000
2210 2211 1000
2210 2260 1000
2211 2212 1000
2211 2261 1000
2212 2213 1000
2212 2262 1000
2213 2214 1000
2213 2263 1000
2214 2215 1000
2214 2264 1000
2215 2216 1000
2215 2265 1000
2216 2217 1000
2216 2266 1000
2217 2218 1000
2217 2267 1000
2218 2219 1000
2218 2268 1000
2219 2220 1000
2219 2269 1000
2220 2221 1000
2220 2270 1000
2221 2222 1000
2221 2271 1000
2222 2223 1000
2222 2272 1000
2223 2224 1000
2223 2273 1000
2224 2225 1000
2224 2274 1000
2225 2226 1000
2225 2275 1000
2226 2227 1000
2226 2276 1000
2227 2228 1000
2227 2277 1000
2228 2229 1000
2228 2278 1000
2229 2230 1000
2229 2279 1000
2230 2231 1000
2230 2280 1000
2231 2232 1000
2231 2281 1000
2232 2233 1000
2232 2282 1000
2233 2234 1000
2233 2283 1000
2234 2235 1000
2234 2284 1000
2235 2236 1000
2235 2285 1000
2236 2237 1000
2236 2286 1000
2237 2238 1000
2237 2287 1000
2238 2239 1000
2238 2288 1000
2239 2240 1000
2239 2289 1000
2240 2241 1000
2240 2290 1000
2241 2242 1000
2241 2291 1000
2242 2243 1000
2242 2292 1000
2243 2244 1000
2243 2293 1000
2244 2245 1000
2244 2294 1000
2245 2246 1000
2245 2295 1000
2246 2247 1000
2246 2296 1000
2247 2248 1000
2247 2297 1000
2248 2249 1000
2248 2298 1000
2249 2250 1000
2249 2299 1000
2250 2300 1000
2251 2252 1000
2251 2301 1000
2252 2253 1000
2252 2302 1000
2253 2254 1000
2253 2303 1000
2254 2255 1000
2254 2304 1000
2255 2256 1000
2255 2305 1000
2256 2257 1000
2256 2306 1000
2257 2258 1000
2257 2307 1000
2258 2259 1000
2258 2308 1000
2259 2260 1000
2259 2309 1000
2260 2261 1000
2260 2310 1000
2261 2262 1000
2261 2311 1000
2262 2263 1000
2262 2312 1000
2263 2264 1000
2263 2313 1000
2264 2265 1000
2264 2314 1000
2265 2266 1000
2265 2315 1000
2266 2267 1000
2266 2316 1000
2267 2268 1000
2267 2317 1000
2268 2269 1000
2268 2318 1000
2269 2270 1000
2269 2319 1000
2270 2271 1000
2270 2320 1000
2271 2272 1000
2271 2321 1000
2272 2273 1000
2272 2322 1000
2273 2274 1000
2273 2323 1000
2274 2275 1000
2274 2324 1000
2275 2276 1000
2275 2325 1000
2276 2277 1000
2276 2326 1000
2277 2278 1000
2277 2327 1000
2278 2279 1000
2278 2328 1000
2279 2280 1000
2279 2329 1000
2280 2281 1000
2280 2330 1000
2281 2282 1000
2281 2331 1000
2282 2283 1000
2282 2332 1000
2283 2284 1000
2283 2333 1000
2284 2285 1000
2284 2334 1000
2285 2286 1000
2285 2335 1000
2286 2287 1000
2286 2336 1000
2287 2288 1000
2287 2337 1000
2288 2289 1000
2288 2338 1000
2289 2290 1000
2289 2339 1000
2290 2291 1000
2290 2340 1000
2291 2292 1000
2291 2341 1000
2292 2293 1000
2292 2342 1000
2293 2294 1000
2293 2343 1000
2294 2295 1000
2294 2344 1000
2295 2296 1000
2295 2345 1000
2296 2297 1000
2296 2346 1000
2297 2298 1000
2297 2347 1000
2298 2299 1000
2298 2348 1000
2299 2300 1000
2299 2349 1000
2300 2350 1000
2301 2302 1000
2301 2351 1000
2302 2303 1000
2302 2352 1000
2303 2304 1000
2303 2353 1000
2304 2305 1000
2304 2354 1000
2305 2306 1000
2305 2355 1000
2306 2307 1000
2306 2356 1000
2307 2308 1000
2307 2357 1000
2308 2309 1000
2308 2358 1000
2309 2310 1000
2309 2359 1000
2310 2311 1000
2310 2360 1000
2311 2312 1000
2311 2361 1000
2312 2313 1000
2312 2362 1000
2313 2314 1000
2313 2363 1000
2314 2315 1000
2314 2364 1000
2315 2316 1000
2315 2365 1000
2316 2317 1000
2316 2366 1000
2317 2318 1000
2317 2367 1000
2318 2319 1000
2318 2368 1000
2319 2320 1000
2319 2369 1000
2320 2321 1000
2320 2370 1000
2321 2322 1000
2321 2371 1000
2322 2323 1000
2322 2372 1000
2323 2324 1000
2323 2373 1000
2324 2325 1000
2324 2374 1000
2325 2326 1000
2325 2375 1000
2326 2327 1000
2326 2376 1000
2327 2328 1000
2327 2377 1000
2328 2329 1000
2328 2378 1000
2329 2330 1000
2329 2379 1000
2330 2331 1000
2330 2380 1000
2331 2332 1000
2331 2381 1000
2332 2333 1000
2332 2382 1000
2333 2334 1000
2333 2383 1000
2334 2335 1000
2334 2384 1000
2335 2336 1000
2335 2385 1000
2336 2337 1000
2336 2386 1000
2337 2338 1000
2337 2387 1000
2338 2339 1000
2338 2388 1000
2339 2340 1000
2339 2389 1000
2340 2341 1000
2340 2390 1000
2341 2342 1000
2341 2391 1000
2342 2343 1000
2342 2392 1000
2343 2344 1000
2343 2393 1000
2344 2345 1000
2344 2394 1000
2345 2346 1000
2345 2395 1000
2346 2347 1000
2346 2396 1000
2347 2348 1000
2347 2397 1000
2348 2349 1000
2348 2398 1000
2349 2350 1000
2349 2399 1000
2350 2400 1000
2351 2352 1000
2351 2401 1000
2352 2353 1000
2352 2402 1000
2353 2354 1000
2353 2403 1000
2354 2355 1000
2354 2404 1000
2355 2356 1000
2355 2405 1000
2356 2357 1000
2356 2406 1000
2357 2358 1000
2357 2407 1000
2358 2359 1000
2358 2408 1000
2359 2360 1000
2359 2409 1000
2360 2361 1000
2360 2410 1000
2361 2362 1000
2361 2411 1000
2362 2363 1000
2362 2412 1000
2363 2364 1000
2363 2413 1000
2364 2365 1000
2364 2414 1000
2365 2366 1000
2365 2415 1000
2366 2367 1000
2366 2416 1000
2367 2368 1000
2367 2417 1000
2368 2369 1000
2368 2418 1000
2369 2370 1000
2369 2419 1000
2370 2371 1000
2370 2420 1000
2371 2372 1000
2371 2421 1000
2372 2373 1000
2372 2422 1000
2373 2374 1000
2373 2423 1000
2374 2375 1000
2374 2424 1000
2375 2376 1000
2375 2425 1000
2376 2377 1000
2376 2426 1000
2377 2378 1000
2377 2427 1000
2378 2379 1000
2378 2428 1000
2379 2380 1000
2379 2429 1000
2380 2381 1000
2380 2430 1000
2381 2382 1000
2381 2431 1000
2382 2383 1000
2382 2432 1000
2383 2384 1000
2383 2433 1000
2384 2385 1000
2384 2434 1000
2385 2386 1000
2385 2435 1000
2386 2387 1000
2386 2436 1000
2387 2388 1000
2387 2437 1000
2388 2389 1000
2388 2438 1000
2389 2390 1000
2389 2439 1000
2390 2391 1000
2390 2440 1000
2391 2392 1000
2391 2441 1000
2392 2393 1000
2392 2442 1000
2393 2394 1000
2393 2443 1000
2394 2395 1000
2394 2444 1000
2395 2396 1000
2395 2445 1000
2396 2397 1000
2396 2446 1000
2397 2398 1000
2397 2447 1000
2398 2399 1000
2398 2448 1000
2399 2400 1000
2399 2449 1000
2400 2450 1000
2401 2402 1000
2401 2451 1000
2402 2403 1000
2402 2452 1000
2403 2404 1000
2403 2453 1000
2404 2405 1000
2404 2454 1000
2405 2406 1000
2405 2455 1000
2406 2407 1000
2406 2456 1000
2407 2408 1000
2407 2457 1000
2408 2409 1000
2408 2458 1000
2409 2410 1000
2409 2459 1000
2410 2411 1000
2410 2460 1000
2411 2412 1000
2411 2461 1000
2412 2413 1000
2412 2462 1000
2413 2414 1000
2413 2463 1000
2414 2415 1000
2414 2464 1000
2415 2416 1000
2415 2465 1000
2416 2417 1000
2416 2466 1000
2417 2418 1000
2417 2467 1000
2418 2419 1000
2418 2468 1000
2419 2420 1000
2419 2469 1000
2420 2421 1000
2420 2470 1000
2421 2422 1000
2421 2471 1000
2422 2423 1000
2422 2472 1000
2423 2424 1000
2423 2473 1000
2424 2425 1000
2424 2474 1000
2425 2426 1000
2425 2475 1000
2426 2427 1000
2426 2476 1000
2427 2428 1000
2427 2477 1000
2428 2429 1000
2428 2478 1000
2429 2430 1000
2429 2479 1000
2430 2431 1000
2430 2480 1000
2431 2432 1000
2431 2481 1000
2432 2433 1000
2432 2482 1000
2433 2434 1000
2433 2483 1000
2434 2435 1000
2434 2484 1000
2435 2436 1000
2435 2485 1000
2436 2437 1000
2436 2486 1000
2437 2438 1000
2437 2487 1000
2438 2439 1000
2438 2488 1000
2439 2440 1000
2439 2489 1000
2440 2441 1000
2440 2490 1000
2441 2442 1000
2441 2491 1000
2442 2443 1000
2442 2492 1000
2443 2444 1000
2443 2493 1000
2444 2445 1000
2444 2494 1000
2445 2446 1000
2445 2495 1000
2446 2447 1000
2446 2496 1000
2447 2448 1000
2447 2497 1000
2448 2449 1000
2448 2498 1000
2449 2450 1000
2449 2499 1000
2450 2500 1000
2451 2452 1000
2452 2453 1000
2453 2454 1000
2454 2455 1000
2455 2456 1000
2456 2457 1000
2457 2458 1000
2458 2459 1000
2459 2460 1000
2460 2461 1000
2461 2462 1000
2462 2463 1000
2463 2464 1000
2464 2465 1000
2465 2466 1000
2466 2467 1000
2467 2468 1000
2468 2469 1000
2469 2470 1000
2470 2471 1000
2471 2472 1000
2472 2473 1000
2473 2474 1000
2474 2475 1000
2475 2476 1000
2476 2477 1000
2477 2478 1000
2478 2479 1000
2479 2480 1000
2480 2481 1000
2481 2482 1000
2482 2483 1000
2483 2484 1000
2484 2485 1000
2485 2486 1000
2486 2487 1000
2487 2488 1000
2488 2489 1000
2489 2490 1000
2490 2491 1000
2491 2492 1000
2492 2493 1000
2493 2494 1000
2494 2495 1000
2495 2496 1000
2496 2497 1000
2497 2498 1000
2498 2499 1000
2499 2500 1000
96 411 215 612 801 110 50 545 10 924 855 999 174 505 327 648 172 672 179 347 113 860 72 942 532 846 421 298 26 344 282 910 516 610 987 854 334 578 237 597 425 753 201 513 603 908 527 831 701 48 996 958 941 386 559 911 517 933 784 381 252 541 402 346 932 988 572 371 124 947 562 501 974 740 321 656 739 717 546 130 454 936 726 719 958 264 460 152 8 774 766 201 421 757 371 64 336 531 905 475 819 305 560 984 897 589 831 163 727 534 777 260 647 647 392 983 461 568 286 88 390 481 455 454 405 728 939 159 936 645 330 92 362 940 185 239 187 355 524 154 469 693 172 162 944 846 659 716 808 336 574 375 189 285 347 610 212 622 954 655 852 787 832 696 299 412 18 80 978 679 600 990 542 35 402 174 225 85 831 896 497 113 347 293 455 307 808 455 914 182 217 968 724 301 803 302 5 16 597 21 928 626 362 878 819 136 932 95 586 268 387 579 782 179 190 587 450 483 385 84 415 586 88 979 104 419 43 471 688 554 482 38 371 841 59 802 467 540 17 117 572 419 679 595 593 853 942 160 584 173 260 369 987 280 718 495 529 724 223 841 693 256 560 961 629 95 578 291 557 62 170 129 709 681 469 626 385 889 701 844 783 89 258 799 966 681 748 252 517 154 191 830 122 698 440 392 700 507 680 488 227 24 927 714 974 551 922 359 213 541 120 704 425 526 842 869 520 708 841 379 502 531 668 702 448 354 522 787 570 84 300 9 676 176 615 384 560 181 849 563 967 338 113 890 101 669 652 620 650 787 454 3 666 32 550 728 511 735 997 832 438 955 15 855 704 847 282 44 337 307 696 85 134 776 616 325 82 359 970 170 186 308 298 876 107 489 836 260 680 856 777 609 184 368 41 496 711 29 842 61 699 17 319 13 266 87 820 782 394 713 945 721 98 168 646 447 207 549 6 962 457 934 871 893 440 155 769 559 160 753 388 731 181 822 983 283 515 774 246 271 740 814 676 945 880 767 258 859 496 750 342 275 644 225 239 157 518 572 695 369 118 20 579 279 606 284 824 144 401 543 598 727 808 557 361 664 862 241 917 648 485 746 834 950 407 185 936 264 946 922 493 640 710 103 861 88 176 385 385 387 436 136 443 479 734 957 376 176 274 694 431 815 902 314 114 587 748 773 971 542 468 166 241 91 201 240 170 238 610 462 386 581 340 730 837 549 102 919 506 161 110 501 170 519 922 582 687 26 962 455 911 247 44 152 659 522 383 408 235 737 76 203 421 141 57 309 325 660 249 931 871 769 497 544 987 384 939 565 1 956 480 197 117 260 82 312 340 278 648 86 576 522 190 183 719 259 204 824 779 457 421 137 70 770 627 133 997 658 560 401 839 609 568 168 437 228 974 198 819 246 525 260 200 224 784 795 691 439 691 197 558 750 619 264 576 707 523 388 870 822 842 40 697 991 785 808 742 423 793 481 505 395 300 880 907 636 906 392 615 266 264 850 583 42 524 162 964 205 43 631 302 979 591 627 944 728 291 292 464 814 825 955 678 467 399 403 755 477 588 604 947 99 497 480 494 997 798 101 755 663 178 685 246 234 760 354 820 451 382 534 524 760 111 298 329 288 76 21 357 163 6 719 248 842 336 983 258 744 786 866 109 25 680 877 678 313 821 837 509 105 114 716 866 621 604 775 555 994 653 198 820 502 625 379 22 480 19 759 331 802 353 969 825 851 438 40 597 642 926 275 65 944 679 991 225 382 239 769 91 959 48 597 38 303 819 879 180 308 924 247 194 387 738 202 879 942 170 438 795 341 676 758 187 539 102 479 130 490 167 554 618 713 15 156 163 229 950 330 203 630 722 784 887 412 468 780 352 177 429 375 554 920 189 956 513 463 469 572 61 785 454 520 687 255 905 777 908 176 56 501 818 366 148 50 169 948 753 504 500 749 831 658 712 125 499 198 20 678 701 165 593 572 219 877 723 434 134 869 473 665 699 744 90 445 612 389 361 995 480 62 986 160 593 65 365 324 84 396 627 383 855 124 558 314 190 23 862 409 718 343 313 983 813 298 259 107 745 185 806 481 825 494 579 924 529 106 634 347 178 349 126 858 281 47 277 403 614 174 807 580 505 81 981 738 624 525 668 438 619 558 105 799 108 960 759 169 289 30 662 956 460 979 487 696 397 575 630 695 957 436 975 499 175 233 980 75 803 135 141 768 834 827 881 964 865 507 341 29 583 893 851 839 57 556 548 264 753 11 752 439
