2002 2500 1000
998 20 5678
1115 1 26
227 1530 5678
430 1374 5678
1964 1355 5678
934 1671 3379
440 1588 5678
897 533 5678
287 1 26
1514 1 26
934 1121 3379
1038 1 26
961 1613 5678
1507 1 26
1824 1584 5678
934 1481 3379
1887 1 26
1430 103 5678
1706 1560 5678
745 266 5678
1138 1557 5678
1492 1 26
1865 1 26
249 124 5678
759 465 5678
600 1576 5678
1662 695 5678
937 1 26
1241 1919 5678
934 12 3379
934 759 3379
934 1405 3379
484 946 5678
1300 1 26
1815 1 26
1151 1 26
1411 1 26
7 512 5678
934 1629 3379
1297 1 26
1642 786 5678
112 504 5678
1584 1 26
1276 999 5678
1935 1033 5678
1036 1 26
1861 1 26
262 1730 5678
1792 1 26
1901 1 26
654 1221 5678
1413 1 26
934 1915 3379
883 660 5678
1233 1 26
1361 1 26
1789 1 26
1543 1556 5678
421 1 26
1222 1 26
418 1 26
608 1 26
731 67 5678
934 1380 3379
1942 1 26
114 1 26
660 1 26
934 360 3379
344 1841 5678
368 1926 5678
733 1 26
193 1000 5678
1039 1 26
323 1 26
280 937 5678
953 992 5678
1952 1 26
1257 1 26
1858 643 5678
934 284 3379
934 1304 3379
640 1 26
1864 1247 5678
1629 1221 5678
88 1647 5678
740 1282 5678
87 1 26
1103 581 5678
281 1 26
1672 1 26
1324 1 26
1799 830 5678
995 1 26
1947 1 26
1703 1 26
319 1057 5678
657 419 5678
830 1 26
659 1119 5678
1821 900 5678
1430 256 5678
1664 1 26
934 679 3379
564 326 5678
840 64 5678
1351 1 26
570 1 26
594 1252 5678
1141 1 26
850 1328 5678
934 410 3379
1269 292 5678
1524 1 26
1113 1048 5678
354 825 5678
547 1 26
934 1312 3379
647 1772 5678
1618 569 5678
513 1 26
1200 1390 5678
293 1247 5678
519 9 5678
363 1534 5678
934 1138 3379
220 1046 5678
919 1 26
934 544 3379
1867 1 26
921 1289 5678
1546 1506 5678
934 1903 3379
1822 1 26
1030 1 26
2001 1 26
1620 1775 5678
1993 1 26
1249 38 5678
934 1731 3379
579 1 26
1259 145 5678
245 1880 5678
175 1 26
1915 748 5678
1225 1 26
583 1 26
1563 235 5678
217 1143 5678
934 359 3379
965 1 26
470 1 26
1917 1 26
1219 1 26
1069 1509 5678
424 1444 5678
453 1548 5678
934 1291 3379
934 732 3379
1640 560 5678
75 1979 5678
600 1298 5678
1668 1365 5678
934 174 3379
827 1 26
361 1 26
336 1643 5678
481 525 5678
1220 1775 5678
1014 450 5678
1679 1 26
1031 1 26
1012 993 5678
1898 1 26
934 1989 3379
1863 1 26
335 1 26
934 40 3379
205 1 26
563 1 26
1757 1 26
543 1066 5678
755 1044 5678
1738 1438 5678
876 962 5678
213 1 26
934 932 3379
1956 264 5678
934 1752 3379
184 1 26
1958 1992 5678
1912 503 5678
1230 1 26
160 1 26
309 1238 5678
934 432 3379
1583 746 5678
260 1929 5678
1612 1302 5678
61 1893 5678
1604 765 5678
165 1927 5678
1774 1 26
1668 1874 5678
1203 371 5678
829 997 5678
942 242 5678
1018 990 5678
726 834 5678
1422 1 26
24 1 26
1304 725 5678
290 1288 5678
1286 1 26
934 802 3379
1648 24 5678
384 1324 5678
1983 768 5678
1416 256 5678
1555 1 26
1599 504 5678
1965 1320 5678
585 1 26
1884 1 26
434 1 26
1298 1 26
1275 211 5678
510 1060 5678
1712 1 26
1742 1751 5678
1147 1 26
906 116 5678
704 1028 5678
934 839 3379
1610 1968 5678
154 1 26
340 362 5678
38 1 26
1416 455 5678
557 1 26
1918 1084 5678
719 1 26
203 1 26
1683 1055 5678
1490 251 5678
1877 1665 5678
1980 1529 5678
1179 1 26
1711 1 26
1037 214 5678
234 1890 5678
1040 1 26
1810 1 26
877 1 26
1098 1326 5678
1167 1048 5678
934 596 3379
1429 1 26
22 18 5678
1359 1411 5678
241 1084 5678
858 1 26
1785 920 5678
386 1519 5678
1698 1 26
1236 1 26
71 720 5678
1928 1525 5678
1051 1 26
1535 1 26
934 604 3379
663 1 26
1473 720 5678
1012 1469 5678
1686 1 26
222 1004 5678
199 1 26
1025 1878 5678
1198 1 26
1985 1686 5678
1263 259 5678
1242 1 26
1392 113 5678
1495 1803 5678
769 1130 5678
805 317 5678
1303 1 26
1899 1081 5678
1719 1 26
163 1698 5678
1146 1889 5678
1946 1 26
1908 1861 5678
1572 1775 5678
1912 1342 5678
934 294 3379
1133 1 26
707 65 5678
931 1 26
458 289 5678
723 1 26
90 1 26
532 1 26
1095 1 26
602 1007 5678
1750 1404 5678
1872 1586 5678
1347 1079 5678
1872 1438 5678
1100 1 26
491 1 26
1447 1545 5678
1902 1313 5678
526 1 26
1435 175 5678
1996 1 26
1274 1207 5678
429 159 5678
211 1 26
711 1 26
296 1 26
186 1 26
1344 362 5678
1689 1 26
1828 1 26
934 1202 3379
476 1 26
1897 1 26
1081 1 26
1818 521 5678
1718 622 5678
309 1236 5678
173 1592 5678
994 671 5678
934 1798 3379
1460 1689 5678
668 264 5678
934 874 3379
951 111 5678
934 1502 3379
1568 1 26
1516 1 26
1894 21 5678
802 978 5678
1139 434 5678
1728 1403 5678
99 1 26
460 33 5678
414 1 26
189 1423 5678
95 1 26
1052 1439 5678
1944 1 26
1369 630 5678
1909 1320 5678
921 1319 5678
1477 1 26
119 1 26
1163 748 5678
603 1888 5678
258 1 26
1692 121 5678
1173 1 26
333 1 26
1271 1 26
1857 201 5678
1405 1297 5678
1811 1215 5678
370 1 26
1649 1665 5678
366 1 26
129 1 26
209 1273 5678
1466 1279 5678
717 914 5678
801 1 26
776 1104 5678
1688 1112 5678
934 1875 3379
1743 1 26
941 586 5678
1883 1108 5678
1016 1 26
783 256 5678
552 1 26
1758 1412 5678
1458 1047 5678
1467 1 26
947 1375 5678
1401 1 26
1329 1557 5678
1631 13 5678
905 738 5678
1760 534 5678
1933 750 5678
934 1356 3379
1982 1253 5678
1913 1 26
182 1 26
1478 1976 5678
14 1003 5678
1094 1 26
746 1 26
688 1213 5678
35 1 26
1919 1 26
1197 1 26
501 1288 5678
1667 191 5678
1674 1 26
1623 1 26
851 1 26
1652 335 5678
1713 550 5678
1161 643 5678
1779 1191 5678
325 1 26
712 1 26
934 1941 3379
1726 1 26
974 397 5678
348 1068 5678
686 1 26
971 1 26
143 1 26
1140 1 26
599 1 26
735 1 26
301 1 26
439 1575 5678
1237 1793 5678
619 845 5678
1184 1017 5678
1716 1861 5678
1461 1 26
691 1 26
1077 1383 5678
136 1 26
656 1809 5678
1345 892 5678
1639 274 5678
6 1 26
1983 931 5678
1569 139 5678
1934 4 5678
524 1772 5678
97 1 26
1136 764 5678
762 1632 5678
631 172 5678
881 1 26
1522 476 5678
559 632 5678
505 1 26
932 1884 5678
1835 1 26
1009 1 26
18 1 26
259 1 26
1829 858 5678
102 1 26
1801 1042 5678
816 270 5678
428 1 26
185 1236 5678
1666 326 5678
781 608 5678
934 912 3379
934 1668 3379
193 1605 5678
1421 949 5678
1384 1 26
1023 1 26
1370 583 5678
934 893 3379
196 1 26
1605 1 26
1999 1 26
252 1588 5678
954 1792 5678
1439 1 26
1967 1 26
1644 1207 5678
898 1235 5678
1747 1 26
218 970 5678
934 1473 3379
1615 1048 5678
1313 1 26
166 765 5678
934 51 3379
934 1723 3379
727 737 5678
702 1 26
1762 1131 5678
20 1 26
2002 205 5678
222 1295 5678
559 1223 5678
401 650 5678
148 1733 5678
1406 1 26
1717 1 26
1400 1403 5678
884 1 26
11 1 26
814 1809 5678
32 1 26
1600 204 5678
1400 263 5678
297 1809 5678
137 34 5678
636 736 5678
1739 1 26
1268 1 26
743 1721 5678
1354 1 26
1752 455 5678
1092 1623 5678
1955 1252 5678
531 1 26
980 1 26
1549 1 26
765 1 26
1350 1831 5678
1759 1 26
1176 517 5678
934 657 3379
1936 1 26
934 1076 3379
1317 1897 5678
1681 1 26
917 1 26
934 715 3379
934 1973 3379
1314 1438 5678
666 188 5678
821 531 5678
934 1209 3379
1202 46 5678
1756 1 26
382 1368 5678
934 1748 3379
934 244 3379
1626 1509 5678
1705 765 5678
989 1 26
1585 483 5678
854 1556 5678
1715 822 5678
573 678 5678
506 1 26
1749 383 5678
991 1 26
1847 397 5678
108 993 5678
1575 1 26
105 326 5678
934 109 3379
1403 1 26
1256 1 26
1208 1081 5678
1593 949 5678
1862 1 26
737 1 26
655 1 26
499 1032 5678
1047 1 26
838 736 5678
622 1 26
896 1 26
589 1393 5678
1319 1 26
1777 1967 5678
1042 1 26
517 1 26
1948 1880 5678
828 1 26
1224 1 26
1655 1044 5678
934 108 3379
1931 1 26
885 1 26
1995 296 5678
1860 1044 5678
1116 1 26
1415 1 26
1637 1 26
811 1 26
289 1 26
250 1 26
1217 1009 5678
859 1971 5678
1433 1 26
48 1 26
1511 1009 5678
934 475 3379
1811 154 5678
934 675 3379
1343 1916 5678
122 1 26
282 1 26
934 1329 3379
1390 1 26
135 1 26
328 1 26
1395 1791 5678
934 628 3379
934 1484 3379
96 1 26
606 782 5678
1857 1553 5678
180 1854 5678
894 1 26
1483 330 5678
503 1 26
1537 95 5678
1504 1 26
751 1 26
1091 1 26
1680 1524 5678
1220 73 5678
118 844 5678
721 1 26
405 1 26
464 1874 5678
1914 1 26
950 536 5678
820 784 5678
1911 1768 5678
43 1 26
934 685 3379
1195 444 5678
1877 1326 5678
1518 1384 5678
659 581 5678
623 1 26
1086 1 26
1428 178 5678
857 321 5678
435 1952 5678
264 1 26
882 1321 5678
1374 1 26
808 1 26
1621 1 26
934 1953 3379
1156 1401 5678
1836 1 26
550 1 26
1885 1647 5678
741 962 5678
387 549 5678
559 1769 5678
581 1 26
1506 1 26
1084 1 26
1625 1188 5678
934 1021 3379
1530 1 26
1890 1 26
70 1 26
269 1719 5678
1577 1 26
1185 258 5678
596 1026 5678
1665 1 26
934 1691 3379
954 1137 5678
687 1 26
373 1 26
569 1 26
1941 1686 5678
934 805 3379
934 1522 3379
684 1 26
775 226 5678
82 1323 5678
865 1 26
843 1792 5678
28 1 26
1159 1088 5678
82 122 5678
322 1 26
124 1 26
353 375 5678
341 1747 5678
219 774 5678
703 1 26
522 1415 5678
65 1 26
780 1 26
306 1827 5678
553 1 26
1045 1 26
462 1 26
1761 725 5678
1690 1 26
1977 1381 5678
1127 1 26
1210 1 26
934 1400 3379
955 1 26
909 1417 5678
1773 1 26
1118 638 5678
40 1425 5678
543 393 5678
787 1 26
1338 1 26
1720 1119 5678
224 1 26
374 1017 5678
1436 795 5678
650 1 26
100 1746 5678
1112 1 26
630 1 26
1960 1 26
844 1 26
939 235 5678
1192 1751 5678
1307 1 26
1552 1 26
1243 1143 5678
942 1240 5678
1382 1674 5678
1606 1971 5678
1775 1 26
1157 1 26
123 480 5678
869 550 5678
1764 1 26
67 1 26
1620 1413 5678
131 1 26
293 1338 5678
1026 1 26
934 1847 3379
934 728 3379
89 1 26
159 1 26
1670 1660 5678
1650 1 26
1930 1 26
156 1833 5678
1144 335 5678
1592 1 26
1050 508 5678
591 937 5678
867 1313 5678
1767 164 5678
934 1736 3379
1603 1969 5678
1049 1349 5678
1394 1 26
1289 1 26
940 1 26
934 1920 3379
824 1226 5678
1984 1 26
1346 1 26
715 1846 5678
934 269 3379
935 545 5678
172 1 26
429 784 5678
1550 1544 5678
934 344 3379
842 1168 5678
934 1154 3379
181 55 5678
324 113 5678
235 1 26
29 313 5678
934 875 3379
934 1574 3379
86 198 5678
465 1 26
466 1 26
1174 462 5678
1027 1 26
1486 1 26
1821 292 5678
1825 1 26
1097 1474 5678
1388 1 26
1339 1 26
665 1 26
183 1 26
1791 1 26
489 1726 5678
963 48 5678
934 1370 3379
1667 996 5678
1833 1 26
1196 201 5678
338 1 26
738 1 26
458 847 5678
415 1 26
1126 457 5678
508 1 26
1581 1770 5678
815 1150 5678
945 894 5678
1588 1 26
190 1337 5678
1570 1740 5678
1889 1 26
272 1 26
394 1 26
699 1 26
1727 1 26
1816 402 5678
1513 1 26
302 1 26
603 1946 5678
1714 1 26
1851 1 26
1371 1803 5678
1452 1900 5678
1488 1404 5678
411 1 26
1745 1438 5678
934 1542 3379
167 1 26
1910 1 26
934 120 3379
1329 474 5678
277 1 26
934 1598 3379
535 1 26
1252 1 26
1963 1557 5678
69 508 5678
1183 1 26
435 116 5678
775 206 5678
1348 1 26
922 1 26
1072 477 5678
206 1 26
37 133 5678
892 1 26
232 483 5678
444 1 26
1432 1 26
1302 1 26
1658 1 26
999 1 26
1916 1 26
1003 1 26
934 709 3379
1694 919 5678
1786 1809 5678
529 27 5678
1953 720 5678
673 1 26
788 251 5678
1675 568 5678
1239 1660 5678
934 241 3379
351 1 26
562 1552 5678
1702 1143 5678
926 512 5678
831 1555 5678
147 1 26
934 823 3379
934 1816 3379
1699 1 26
390 1 26
661 149 5678
512 1 26
1518 889 5678
1482 937 5678
1523 1 26
790 1 26
1188 1 26
511 1806 5678
1454 1168 5678
1582 1 26
273 1 26
1318 1 26
934 936 3379
55 1 26
1158 1 26
978 1 26
267 535 5678
977 1 26
725 1 26
455 1 26
1561 1 26
794 1231 5678
1301 1 26
967 257 5678
266 1 26
1696 1033 5678
934 1685 3379
1701 739 5678
312 1966 5678
1848 547 5678
233 1605 5678
347 1236 5678
443 1081 5678
391 1 26
1277 1415 5678
902 1 26
638 1 26
934 1749 3379
903 1 26
831 296 5678
54 1 26
161 1 26
1798 1224 5678
1998 1682 5678
1227 1083 5678
724 1840 5678
1498 1 26
1077 1878 5678
1812 1910 5678
542 1 26
451 1439 5678
1641 1802 5678
868 1 26
4 1 26
83 1 26
592 1 26
1266 1565 5678
1075 480 5678
1979 1 26
973 1 26
1055 1 26
856 570 5678
84 1 26
934 228 3379
1678 711 5678
1753 206 5678
308 1936 5678
1879 1 26
934 189 3379
1472 1 26
1484 350 5678
226 1 26
1028 1 26
669 1 26
19 690 5678
349 1 26
788 1768 5678
1484 457 5678
926 834 5678
1808 1873 5678
1526 826 5678
676 1017 5678
185 266 5678
51 425 5678
634 491 5678
1373 1823 5678
478 768 5678
1671 1660 5678
934 617 3379
1794 1 26
1595 1 26
482 1044 5678
1474 1 26
934 1587 3379
1796 1503 5678
1446 377 5678
1715 1403 5678
1113 1083 5678
116 1 26
1852 1219 5678
1978 81 5678
1419 172 5678
446 1 26
1451 1560 5678
1068 1 26
952 1 26
871 1901 5678
1824 333 5678
471 1525 5678
474 1 26
442 1 26
1310 1465 5678
1959 689 5678
92 1 26
713 1 26
457 1 26
833 1 26
407 114 5678
981 85 5678
1143 1 26
461 329 5678
558 1140 5678
1001 403 5678
539 1297 5678
171 1497 5678
1973 1557 5678
254 1880 5678
1671 1613 5678
934 1554 3379
408 1677 5678
934 1649 3379
47 1 26
889 1 26
326 1 26
1029 1 26
981 1361 5678
1721 1 26
1046 1 26
560 1 26
934 1369 3379
600 1721 5678
1011 1547 5678
1487 746 5678
734 1 26
1725 1 26
1988 1 26
934 117 3379
949 1 26
487 1 26
1855 1 26
1515 1226 5678
1939 505 5678
683 1226 5678
879 1 26
1175 1 26
1002 1571 5678
269 402 5678
773 1524 5678
1024 1469 5678
1200 1906 5678
1992 1 26
1483 411 5678
502 1 26
307 1 26
1904 211 5678
1080 948 5678
392 716 5678
685 846 5678
934 185 3379
1656 1 26
948 1 26
546 952 5678
423 1393 5678
10 1362 5678
934 1136 3379
1782 512 5678
104 1335 5678
571 533 5678
798 1119 5678
1733 1 26
1562 1 26
50 1 26
1264 614 5678
64 1 26
1034 1827 5678
742 1335 5678
1385 1791 5678
412 1 26
1909 772 5678
934 1343 3379
256 1 26
700 1913 5678
419 1 26
1454 362 5678
1493 1 26
1510 1 26
934 773 3379
215 285 5678
310 1 26
170 1248 5678
1691 782 5678
1272 1 26
1292 1 26
764 1 26
1463 1 26
1360 1 26
1377 1 26
1070 1280 5678
1642 655 5678
126 1272 5678
760 1225 5678
1424 1 26
1579 1 26
1670 1238 5678
1635 1 26
934 1834 3379
797 1 26
117 1366 5678
1218 329 5678
934 378 3379
934 1702 3379
806 1 26
934 511 3379
1781 1016 5678
1010 1549 5678
1790 1 26
621 834 5678
1321 1 26
381 1 26
1619 1 26
376 102 5678
651 1 26
1896 1 26
1716 872 5678
934 1262 3379
1740 1 26
745 1474 5678
934 233 3379
782 1 26
934 1387 3379
832 1 26
244 1365 5678
604 1336 5678
964 862 5678
839 1411 5678
886 686 5678
748 1 26
1729 1759 5678
1957 338 5678
1085 1845 5678
471 1867 5678
1676 1 26
66 1896 5678
73 1 26
914 1 26
1816 1311 5678
934 1517 3379
1353 147 5678
852 1 26
1170 1235 5678
1372 1 26
27 1 26
1817 1 26
1172 1 26
44 1363 5678
1871 495 5678
1195 896 5678
1843 774 5678
447 414 5678
588 1730 5678
1280 1 26
80 1 26
934 461 3379
42 1916 5678
707 1386 5678
1281 1 26
689 1 26
1716 417 5678
220 1443 5678
849 1 26
1494 164 5678
1900 1 26
744 1 26
383 1 26
433 1764 5678
1776 1168 5678
1494 1747 5678
1607 660 5678
1254 1530 5678
934 1142 3379
1564 1 26
934 1144 3379
662 916 5678
1981 350 5678
1132 1 26
934 1092 3379
188 1 26
1976 1 26
1768 1 26
1148 1 26
257 1 26
1114 361 5678
1531 1 26
959 1286 5678
675 972 5678
219 1740 5678
624 428 5678
1892 1 26
292 1 26
144 1 26
1677 1 26
1134 1 26
127 1791 5678
593 1926 5678
609 833 5678
441 1 26
1554 1152 5678
646 640 5678
113 1 26
1290 1 26
469 1698 5678
342 1887 5678
730 188 5678
1653 1383 5678
901 751 5678
1974 599 5678
345 1703 5678
893 1901 5678
1610 474 5678
1471 849 5678
1632 1 26
1073 4 5678
356 1104 5678
609 1545 5678
1680 985 5678
1334 806 5678
934 1099 3379
1090 1 26
1382 53 5678
409 723 5678
976 737 5678
1465 1 26
756 1 26
934 1118 3379
887 1137 5678
397 1 26
1111 512 5678
1877 943 5678
777 1 26
93 1433 5678
271 1 26
934 707 3379
1841 1 26
934 385 3379
934 740 3379
681 1412 5678
1645 1925 5678
125 31 5678
584 1 26
985 1 26
682 43 5678
1834 768 5678
629 1960 5678
1647 1 26
541 1 26
521 1 26
934 1882 3379
1883 1177 5678
480 1 26
1426 584 5678
934 1796 3379
1456 102 5678
1275 1717 5678
934 220 3379
1389 1330 5678
1396 1 26
1214 1230 5678
346 225 5678
1479 1 26
1163 1442 5678
1420 1 26
1735 1 26
1921 542 5678
1410 1 26
960 1175 5678
1065 46 5678
413 801 5678
1209 1297 5678
1164 1976 5678
1043 1038 5678
1657 1 26
817 194 5678
42 1133 5678
567 1225 5678
1130 1 26
1462 786 5678
975 1 26
900 1 26
355 1379 5678
612 1302 5678
1695 1 26
1013 201 5678
1328 1 26
1495 1498 5678
1509 1 26
1079 1 26
23 1100 5678
62 1942 5678
1205 1 26
1912 1647 5678
671 1 26
853 1341 5678
934 1615 3379
1283 1 26
1418 1837 5678
1398 483 5678
445 491 5678
1551 1 26
934 392 3379
1000 1 26
1446 394 5678
934 815 3379
1921 1937 5678
990 1 26
1032 1 26
10 175 5678
436 1289 5678
98 160 5678
36 892 5678
1355 1 26
1491 1 26
3 1110 5678
934 1928 3379
615 766 5678
1587 1324 5678
1299 1 26
1469 1 26
591 406 5678
779 1674 5678
693 1897 5678
1964 119 5678
285 1 26
934 45 3379
448 1 26
1341 1 26
63 161 5678
934 829 3379
534 1 26
1397 1 26
1783 1 26
263 1 26
1309 1 26
555 663 5678
432 168 5678
934 953 3379
934 1167 3379
1088 1 26
771 1376 5678
1529 1 26
934 520 3379
1594 393 5678
1160 1288 5678
874 1888 5678
316 542 5678
792 1759 5678
1161 377 5678
934 91 3379
1525 1 26
1232 1 26
649 1215 5678
674 224 5678
2 1 26
348 622 5678
1806 1 26
710 858 5678
1578 1046 5678
934 1259 3379
1056 1410 5678
283 1501 5678
268 1 26
872 1 26
1556 1 26
1152 1 26
848 449 5678
52 1 26
1104 1 26
1536 1 26
1194 1057 5678
934 334 3379
934 1421 3379
284 780 5678
240 1296 5678
544 168 5678
41 197 5678
983 1 26
331 161 5678
1767 1768 5678
716 1 26
1077 801 5678
693 592 5678
757 507 5678
490 1386 5678
934 499 3379
334 1081 5678
1073 1441 5678
928 1 26
1331 1 26
934 388 3379
1804 1 26
492 1 26
804 47 5678
1741 1913 5678
934 816 3379
779 929 5678
1071 1 26
1363 1 26
1606 1417 5678
934 637 3379
343 1 26
800 1261 5678
610 1 26
1107 1 26
934 445 3379
715 1363 5678
1402 1 26
586 1 26
1596 373 5678
1308 2001 5678
1873 1 26
1383 1 26
846 1 26
934 886 3379
375 1 26
736 1 26
456 1349 5678
1634 1 26
30 739 5678
1875 586 5678
1616 765 5678
1895 1 26
121 1 26
943 1 26
1340 1230 5678
103 1 26
934 1180 3379
616 1 26
916 1 26
1709 990 5678
1310 1290 5678
680 377 5678
1654 139 5678
1244 106 5678
1533 1 26
934 1603 3379
1248 1 26
933 43 5678
1997 322 5678
1457 737 5678
392 733 5678
1053 1879 5678
1251 928 5678
1777 808 5678
527 623 5678
692 1 26
912 1397 5678
1189 1 26
1926 1 26
1693 434 5678
150 1506 5678
934 564 3379
613 1 26
358 68 5678
1109 268 5678
388 734 5678
101 1854 5678
406 1 26
1114 317 5678
320 1 26
1761 1503 5678
1060 1 26
1850 1 26
907 1 26
174 1862 5678
1260 1365 5678
1927 1 26
554 1 26
15 801 5678
378 1206 5678
106 1 26
1838 1 26
912 1094 5678
288 48 5678
1367 203 5678
146 1711 5678
628 896 5678
1807 1023 5678
195 1 26
984 697 5678
1500 1 26
1566 99 5678
1724 1623 5678
1101 1338 5678
425 1 26
1543 1634 5678
514 1916 5678
1830 1027 5678
1646 1411 5678
79 1773 5678
720 1 26
1325 503 5678
1375 1 26
288 1874 5678
1636 1004 5678
722 373 5678
1925 1 26
1971 1 26
835 877 5678
1766 1 26
400 977 5678
200 692 5678
510 1979 5678
997 1 26
1395 154 5678
139 1 26
475 103 5678
1880 1 26
934 1954 3379
934 500 3379
1409 1571 5678
1784 1 26
1110 1 26
1121 1095 5678
1455 434 5678
1306 777 5678
1343 1210 5678
1161 1042 5678
57 1129 5678
1234 1 26
1505 1 26
979 1 26
982 1545 5678
611 1271 5678
247 931 5678
1560 1 26
875 259 5678
1186 420 5678
1201 1914 5678
565 1299 5678
1731 513 5678
1113 852 5678
1380 1714 5678
1041 457 5678
934 1742 3379
694 900 5678
932 55 5678
992 1 26
1649 1215 5678
389 1 26
1488 450 5678
1273 1 26
934 142 3379
1108 1 26
1508 1157 5678
1291 1695 5678
791 1886 5678
337 1 26
1723 1831 5678
210 1240 5678
1211 1778 5678
861 487 5678
1007 1 26
393 1 26
385 1230 5678
300 1 26
1659 1 26
1780 1 26
1734 1362 5678
1547 1 26
66 1240 5678
1462 1838 5678
1074 1 26
459 102 5678
601 1732 5678
969 24 5678
625 122 5678
68 1 26
313 1 26
1381 1 26
523 1 26
912 553 5678
1628 1 26
1119 1 26
107 97 5678
16 483 5678
1814 251 5678
230 1 26
934 356 3379
1450 595 5678
1440 1 26
934 1193 3379
1153 725 5678
645 1375 5678
1989 1071 5678
956 1922 5678
1154 1045 5678
1859 1 26
1842 1 26
141 1401 5678
236 504 5678
947 67 5678
1769 1 26
1061 1095 5678
1972 557 5678
934 1626 3379
753 178 5678
507 1 26
957 1 26
1684 1695 5678
1162 1966 5678
1905 1528 5678
1180 1815 5678
1651 900 5678
1722 1 26
875 1850 5678
45 1328 5678
1315 1477 5678
1751 1 26
279 1 26
951 84 5678
1168 1 26
236 1789 5678
1021 1657 5678
1837 1 26
243 1 26
1907 1835 5678
929 1 26
934 1883 3379
575 1 26
1171 595 5678
437 1 26
1941 47 5678
1371 1147 5678
934 1811 3379
901 1979 5678
888 1354 5678
13 1 26
404 1528 5678
1874 1 26
1813 1148 5678
934 180 3379
1335 1 26
1966 1 26
1708 1 26
934 1795 3379
1613 1 26
275 845 5678
763 1115 5678
1991 1 26
169 1282 5678
1223 1 26
1231 1 26
288 640 5678
1330 1 26
1975 1 26
1334 872 5678
1213 1 26
1611 1638 5678
934 1096 3379
632 1 26
339 1 26
934 998 3379
248 1881 5678
238 583 5678
59 890 5678
626 1774 5678
233 1089 5678
934 800 3379
128 1 26
1117 1575 5678
1788 1560 5678
1238 1 26
1089 1 26
915 1819 5678
1246 1 26
652 1895 5678
1364 1 26
1983 822 5678
1903 1555 5678
1322 1 26
1928 132 5678
577 949 5678
488 477 5678
332 1 26
1441 1 26
276 1623 5678
1951 317 5678
1989 1815 5678
1436 553 5678
1667 1045 5678
1404 1 26
1063 1383 5678
701 1469 5678
1058 1 26
1187 1191 5678
1923 1556 5678
1950 113 5678
836 80 5678
1660 1 26
164 1 26
803 1 26
1149 1 26
1320 1 26
1761 751 5678
1165 1 26
152 1851 5678
537 476 5678
1737 1992 5678
77 1223 5678
934 7 3379
1891 825 5678
485 801 5678
934 572 3379
1342 1 26
1480 1937 5678
1870 1 26
1687 1881 5678
536 1 26
620 279 5678
1738 160 5678
624 560 5678
197 1 26
1279 1 26
362 1 26
242 1 26
467 1 26
795 1 26
1131 1 26
1598 547 5678
1035 1580 5678
934 950 3379
934 565 3379
1123 1286 5678
198 1 26
472 1 26
682 1268 5678
1643 1 26
395 719 5678
841 1 26
8 1 26
1542 1215 5678
934 1050 3379
1098 444 5678
934 1602 3379
1591 1867 5678
934 1212 3379
626 721 5678
1495 1233 5678
515 1 26
1580 1 26
1793 1 26
478 1658 5678
1856 846 5678
1412 1 26
688 723 5678
1118 584 5678
1990 807 5678
934 1186 3379
1883 1252 5678
1385 333 5678
403 1 26
693 46 5678
1445 1374 5678
1124 919 5678
1333 1 26
1876 999 5678
1538 1 26
1305 1 26
1609 1292 5678
321 1 26
1284 1792 5678
750 1 26
1630 480 5678
1202 263 5678
1805 310 5678
140 845 5678
715 1804 5678
1174 255 5678
138 744 5678
1015 1417 5678
934 700 3379
157 135 5678
365 1 26
1366 1 26
1839 1774 5678
452 1485 5678
1261 1 26
212 1988 5678
1202 337 5678
380 1 26
590 145 5678
1414 1 26
1521 1730 5678
568 1 26
1294 1 26
78 900 5678
109 1003 5678
463 1 26
1399 335 5678
1350 415 5678
1407 972 5678
1574 313 5678
1253 1 26
1692 1134 5678
934 1646 3379
1214 1486 5678
927 884 5678
996 1 26
1485 1 26
934 1098 3379
617 1248 5678
1685 315 5678
667 1143 5678
1929 1 26
934 831 3379
1771 1 26
1098 1357 5678
1754 1 26
710 1168 5678
1899 1582 5678
860 1 26
598 1 26
1464 1772 5678
1187 837 5678
1387 1601 5678
1770 1 26
574 203 5678
635 1 26
911 1 26
1824 1330 5678
856 1281 5678
946 1 26
1943 1 26
101 1660 5678
1106 1 26
1171 85 5678
1813 1888 5678
1539 767 5678
179 614 5678
214 1 26
427 1 26
850 315 5678
315 1 26
1181 1 26
246 434 5678
595 1 26
1669 1 26
1854 1 26
866 1 26
754 990 5678
1468 494 5678
1710 1775 5678
757 1840 5678
993 1 26
410 289 5678
1483 1873 5678
772 1 26
1049 444 5678
1393 1 26
761 1 26
1763 837 5678
934 925 3379
822 1 26
1528 1 26
836 176 5678
972 1 26
145 1 26
1520 723 5678
1332 110 5678
864 38 5678
1548 1 26
276 24 5678
14 919 5678
566 1 26
130 74 5678
1326 1 26
1638 1 26
1255 50 5678
76 1 26
934 1589 3379
643 1 26
298 1374 5678
1596 1027 5678
58 1656 5678
1527 1 26
493 470 5678
17 595 5678
1597 1 26
696 1793 5678
1201 476 5678
192 1 26
1087 1346 5678
528 1150 5678
582 282 5678
934 1639 3379
1135 1 26
819 1026 5678
789 399 5678
1541 364 5678
216 1917 5678
255 1 26
1576 1 26
887 1004 5678
74 1 26
1220 1403 5678
637 689 5678
864 1597 5678
910 1 26
934 1024 3379
636 373 5678
1216 397 5678
1682 1 26
1497 1 26
286 1 26
252 1531 5678
1803 1 26
774 1 26
1368 1 26
873 585 5678
1704 1582 5678
718 1151 5678
168 1 26
786 1 26
1545 1 26
12 1513 5678
1761 966 5678
239 1 26
1502 73 5678
1736 1129 5678
1745 1469 5678
812 1 26
934 69 3379
690 1 26
5 1565 5678
1275 563 5678
1015 4 5678
174 279 5678
708 678 5678
132 1 26
417 1 26
1844 1107 5678
1065 1267 5678
1476 1282 5678
1174 1699 5678
1380 1433 5678
525 1 26
1590 1 26
305 1045 5678
934 567 3379
426 1 26
204 1 26
1986 426 5678
248 414 5678
416 1 26
863 1 26
1263 515 5678
450 1 26
1408 930 5678
158 1 26
357 103 5678
309 381 5678
1566 1784 5678
908 756 5678
134 1 26
1245 208 5678
837 1 26
768 1 26
1893 1 26
1781 160 5678
402 1 26
177 1 26
1193 133 5678
1586 1 26
1434 1740 5678
1443 1 26
986 1841 5678
899 1 26
314 1240 5678
752 979 5678
679 811 5678
1938 1 26
174 1778 5678
181 271 5678
25 24 5678
891 1 26
934 1113 3379
728 1901 5678
1207 1 26
1178 1 26
1444 1 26
934 1020 3379
1033 1 26
1475 1922 5678
890 1 26
729 1 26
247 503 5678
1128 403 5678
350 1 26
934 864 3379
431 380 5678
1287 1047 5678
1250 1553 5678
39 1 26
1093 194 5678
1067 1 26
319 1378 5678
813 1 26
1573 651 5678
1787 113 5678
29 1669 5678
1425 1 26
61 1698 5678
1122 1 26
664 1 26
120 663 5678
572 322 5678
117 975 5678
231 1712 5678
815 1975 5678
1012 1321 5678
1155 1486 5678
53 1 26
1710 380 5678
855 503 5678
1741 67 5678
934 696 3379
60 1 26
1827 1 26
142 810 5678
697 1 26
1489 1865 5678
261 1967 5678
151 1 26
708 1147 5678
767 1 26
1120 924 5678
810 1 26
1048 1 26
596 1827 5678
934 1201 3379
1043 813 5678
1755 531 5678
9 1 26
895 1 26
1746 1 26
398 1 26
1169 1 26
580 938 5678
934 236 3379
588 1338 5678
551 323 5678
934 1185 3379
490 526 5678
1540 113 5678
1453 1595 5678
904 1825 5678
1182 292 5678
371 1 26
1240 1 26
1199 403 5678
1162 566 5678
494 1 26
1994 597 5678
1831 1 26
1059 1725 5678
1881 1 26
1707 1 26
639 1845 5678
1080 622 5678
155 1397 5678
1438 1 26
221 60 5678
303 992 5678
644 1133 5678
115 992 5678
1470 1 26
934 838 3379
187 1333 5678
108 515 5678
1395 1044 5678
705 1402 5678
642 1512 5678
1057 1 26
642 1337 5678
1961 1090 5678
1720 618 5678
1894 1676 5678
549 1 26
1315 729 5678
1304 996 5678
934 1187 3379
1772 1 26
1832 1066 5678
1614 1402 5678
1078 1 26
1431 1339 5678
538 877 5678
958 128 5678
758 878 5678
1356 714 5678
327 159 5678
938 1 26
479 892 5678
576 506 5678
670 1770 5678
677 70 5678
1459 1 26
1697 1 26
1105 673 5678
1020 807 5678
709 1582 5678
1565 1 26
934 459 3379
1123 437 5678
367 1 26
1391 1901 5678
1327 1066 5678
1247 1 26
934 1905 3379
1099 851 5678
1608 790 5678
714 1 26
176 1 26
533 1 26
1797 9 5678
1998 1605 5678
1559 1205 5678
987 1 26
1448 256 5678
111 1 26
770 1623 5678
1557 1 26
464 1383 5678
330 1 26
1937 1 26
1419 1826 5678
540 903 5678
1437 1 26
1601 1 26
1166 1 26
1622 1341 5678
809 1383 5678
1532 764 5678
496 1 26
191 1 26
202 1865 5678
1633 799 5678
1969 1 26
1687 1074 5678
94 480 5678
317 1 26
1624 1 26
454 1968 5678
546 774 5678
1499 1467 5678
1456 1564 5678
1800 470 5678
796 487 5678
497 145 5678
823 1624 5678
1378 1 26
1022 96 5678
377 1 26
1125 830 5678
1235 1 26
970 1 26
698 1289 5678
1534 1 26
1019 569 5678
1096 95 5678
251 1 26
934 1457 3379
739 1 26
1627 1 26
344 1420 5678
934 447 3379
934 299 3379
1076 1330 5678
1226 1 26
838 1293 5678
1137 1 26
26 442 5678
387 1107 5678
944 987 5678
934 527 3379
1145 1 26
308 177 5678
295 1 26
1041 1757 5678
1932 1901 5678
845 1 26
1795 643 5678
602 1381 5678
1083 1 26
1589 579 5678
379 134 5678
1961 1672 5678
420 1 26
225 1 26
91 87 5678
1673 810 5678
1215 1 26
1358 1 26
1044 1 26
1553 1 26
72 1403 5678
930 1 26
1742 1295 5678
1661 1771 5678
311 1134 5678
966 1 26
1352 377 5678
438 977 5678
1227 1173 5678
1295 1 26
706 38 5678
870 1 26
208 1 26
1258 462 5678
934 730 3379
473 1809 5678
934 368 3379
1228 1601 5678
278 161 5678
1940 1 26
1732 1 26
1417 1 26
1195 1036 5678
634 1326 5678
449 1 26
923 1 26
178 1 26
1945 412 5678
468 1 26
91 1148 5678
1180 1938 5678
1064 907 5678
518 425 5678
1312 849 5678
1427 1553 5678
1846 1 26
1949 1 26
274 1 26
486 2001 5678
1602 803 5678
34 1 26
925 1432 5678
530 987 5678
1270 1 26
1849 1 26
1570 1703 5678
776 1823 5678
1004 1 26
228 1415 5678
1571 1 26
1820 279 5678
556 655 5678
1266 134 5678
934 1385 3379
112 203 5678
784 1 26
1265 1686 5678
359 1561 5678
678 1 26
1221 1 26
614 1 26
1229 1764 5678
1744 1590 5678
924 1 26
304 1 26
2000 132 5678
477 1 26
936 182 5678
1617 1638 5678
1126 1336 5678
766 1 26
962 1 26
934 1314 3379
934 1856 3379
223 1116 5678
1935 1232 5678
237 1819 5678
807 1 26
934 582 3379
1503 1 26
778 1739 5678
1615 1388 5678
934 580 3379
26 1538 5678
207 1669 5678
728 1178 5678
1537 648 5678
1684 1647 5678
1882 397 5678
1809 1 26
454 38 5678
1700 1 26
299 1378 5678
153 1534 5678
1954 1444 5678
1778 1 26
934 654 3379
641 1 26
1008 1743 5678
1066 1 26
776 224 5678
1117 899 5678
1607 1131 5678
62 1388 5678
1888 1 26
1886 1 26
1823 1 26
149 1 26
934 246 3379
1663 545 5678
934 594 3379
1005 224 5678
1683 535 5678
284 1006 5678
1262 1364 5678
1868 204 5678
1317 365 5678
633 713 5678
950 1897 5678
578 977 5678
1376 1 26
920 1 26
1866 419 5678
548 1331 5678
318 943 5678
1282 1 26
91 614 5678
1968 1 26
201 1 26
1802 1 26
1639 678 5678
918 373 5678
399 1 26
229 1 26
749 1 26
587 1 26
1362 1 26
110 1 26
1517 99 5678
1694 1168 5678
1572 1560 5678
1082 89 5678
934 942 3379
934 66 3379
1963 1309 5678
847 1 26
1316 1 26
212 1354 5678
1212 1791 5678
1496 1331 5678
934 836 3379
1924 20 5678
1337 1 26
1190 76 5678
1608 1689 5678
1724 660 5678
1212 1850 5678
280 38 5678
913 736 5678
360 1320 5678
1200 1141 5678
369 1 26
516 1479 5678
59 1225 5678
793 1 26
934 1308 3379
265 1878 5678
605 1 26
162 597 5678
732 1895 5678
1821 552 5678
1853 1 26
1204 1725 5678
934 227 3379
1323 1 26
49 1944 5678
1843 256 5678
934 1724 3379
504 1 26
1102 337 5678
488 697 5678
1449 834 5678
1983 362 5678
483 1 26
396 720 5678
1544 1 26
1288 1 26
1365 1 26
1869 782 5678
626 1017 5678
66 508 5678
1906 1 26
988 703 5678
1501 1 26
1285 9 5678
1668 74 5678
1379 1 26
482 99 5678
270 1 26
364 1 26
447 1889 5678
818 1 26
100 1247 5678
1191 1 26
294 225 5678
1748 1560 5678
934 1787 3379
862 1 26
56 1 26
1776 1107 5678
1062 1 26
1819 1 26
509 1 26
934 5 3379
1567 557 5678
1481 1433 5678
81 1 26
169 24 5678
695 1 26
1206 1 26
1150 1 26
1296 1 26
1177 1 26
329 1 26
968 1719 5678
1311 1 26
495 1 26
1129 1 26
636 65 5678
826 1 26
1478 1383 5678
561 1947 5678
1314 296 5678
1519 1 26
1357 1 26
31 1 26
1762 415 5678
303 177 5678
672 304 5678
658 1 26
607 583 5678
934 518 3379
785 1094 5678
33 1 26
1054 885 5678
1970 632 5678
1765 1357 5678
880 663 5678
120 996 5678
498 1 26
627 1 26
653 1377 5678
1349 1 26
1987 1590 5678
1840 1 26
1730 1 26
934 694 3379
722 703 5678
352 1 26
1017 1 26
545 1 26
1385 1301 5678
46 1 26
1185 1893 5678
372 1884 5678
100 1296 5678
1293 1 26
1962 1042 5678
934 14 3379
1845 1 26
878 1 26
500 952 5678
876 1341 5678
1922 1 26
1142 738 5678
1878 1 26
848 585 5678
1002 554 5678
1278 1397 5678
1267 1 26
1442 1 26
597 1 26
875 1632 5678
384 172 5678
648 1 26
253 1 26
934 1526 3379
194 1 26
1826 1 26
1423 1 26
422 175 5678
1512 1 26
1336 1 26
1920 402 5678
548 268 5678
1704 1510 5678
1386 1 26
21 1 26
85 1 26
799 1 26
825 1 26
618 1 26
934 485 3379
747 1842 5678
682 1549 5678
1518 213 5678
1558 1826 5678
834 1 26
133 1 26
1249 868 5678
639 1514 5678
291 1 26
1006 1 26
520 208 5678
934 934 934 934 934 934 934 934 934 934 934 934 934 934 934 934 934 934 934 934 934 934 934 934 934 934 934 934 934 934 934 934 934 934 934 934 934 934 934 934 934 934 934 934 934 934 934 934 934 934 934 934 934 934 934 934 934 934 934 934 934 934 934 934 934 934 934 934 934 934 934 934 934 934 934 934 934 934 934 934 934 934 934 934 934 934 934 934 934 934 934 934 934 934 934 934 934 934 934 934 934 934 934 934 934 934 934 934 934 934 934 934 934 934 934 934 934 934 934 934 934 934 934 934 934 934 934 934 934 934 934 934 934 934 934 934 934 934 934 934 934 934 934 934 934 934 934 934 934 934 934 934 934 934 934 934 934 934 934 934 934 934 934 934 934 934 934 934 934 934 934 934 934 934 934 934 934 934 934 934 934 934 934 934 934 934 934 934 934 934 934 934 934 934 934 934 934 934 934 934 934 934 934 934 934 934 934 934 934 934 934 934 934 934 934 934 934 934 934 934 934 934 934 934 934 934 934 934 934 934 934 934 934 934 934 934 934 934 934 934 934 934 934 934 934 934 934 934 934 934 934 934 934 934 934 934 934 934 934 934 934 934 934 934 934 934 934 934 934 934 934 934 934 934 934 934 934 934 934 934 934 934 934 934 934 934 934 934 934 934 934 934 934 934 934 934 934 934 934 934 934 934 934 934 934 934 934 934 934 934 934 934 934 934 934 934 934 934 934 934 934 934 934 934 934 934 934 934 934 934 934 934 934 934 934 934 934 934 934 934 934 934 934 934 934 934 934 934 934 934 934 934 934 934 934 934 934 934 934 934 934 934 934 934 934 934 934 934 934 934 934 934 934 934 934 934 934 934 934 934 934 934 934 934 934 934 934 934 934 934 934 934 934 934 934 934 934 934 934 934 934 934 934 934 934 934 934 934 934 934 934 934 934 934 934 934 934 934 934 934 934 934 934 934 934 934 934 934 934 934 934 934 934 934 934 934 934 934 934 934 934 934 934 934 934 934 934 934 934 934 934 934 934 934 934 934 934 934 934 934 934 934 934 934 934 934 934 934 934 934 934 934 934 934 934 934 934 934 934 934 934 934 934 934 934 934 934 934 934 934 934 934 934 934 934 934 934 934 934 934 934 934 934 934 934 934 934 934 934 934 934 934 934 934 934 934 934 934 934 934 934 934 934 934 934 934 934 934 934 934 934 934 934 934 934 934 934 934 934 934 934 934 934 934 934 934 934 934 934 934 934 934 934 934 934 934 934 934 934 934 934 934 934 934 934 934 934 934 934 934 934 934 934 934 934 934 934 934 934 934 934 934 934 934 934 934 934 934 934 934 934 934 934 934 934 934 934 934 934 934 934 934 934 934 934 934 934 934 934 934 934 934 934 934 934 934 934 934 934 934 934 934 934 934 934 934 934 934 934 934 934 934 934 934 934 934 934 934 934 934 934 934 934 934 934 934 934 934 934 934 934 934 934 934 934 934 934 934 934 934 934 934 934 934 934 934 934 934 934 934 934 934 934 934 934 934 934 934 934 934 934 934 934 934 934 934 934 934 934 934 934 934 934 934 934 934 934 934 934 934 934 934 934 934 934 934 934 934 934 934 934 934 934 934 934 934 934 934 934 934 934 934 934 934 934 934 934 934 934 934 934 934 934 934 934 934 934 934 934 934 934 934 934 934 934 934 934 934 934 934 934 934 934 934 934 934 934 934 934 934 934 934 934 934 934 934 934 934 934 934 934 934 934 934 934 934 934 934 934 934 934 934 934 934 934 934 934 934 934 934 934 934 934 934 934 934 934 934 934 934 934 934 934 934 934 934 934 934 934 934 934 934 934 934 934 934 934 934 934 934 934 934 934 934 934 934 934 934 934 934 934 934 934 934 934 934 934 934 934 934 934 934 934 934 934 934 934 934 934 934 934 934 934 934 934 934 934 934 934 934 934 934 934 934 934 934 934 934 934 934 934 934 934 934 934 934 934 934 934 934 934 934 934 934 934 934 934 934 934 934 934 934 934 934 934 934 934 934 934 934 934 934 934 934 934 934 934 934 934 934 934 934 934 934 934 934 934 934 934 934 934 934 934 934 934 934 934 934 934 934 934 934 934 934 934 934 934 934 934 934 934 934 934 934 934 934 934 934 934 934 934 934 934 934 934 934 934 934 934 934 934 934 934 934 934 934 934 934 934 934 934 934 934 934 934 934 934 934 934 934 934 934 934 934 934 934 934 934 934 934 934 934 934 934 934 934 934 934 934 934
