1000 1002 899
1 2 1200
1 2 1200
1 2 1200
1 2 1200
2 3 1200
2 4 1200
2 5 1200
2 6 1200
2 7 1200
2 8 1200
2 9 1200
2 10 1200
2 11 1200
2 12 1200
2 13 1200
2 14 1200
2 15 1200
2 16 1200
2 17 1200
2 18 1200
2 19 1200
2 20 1200
2 21 1200
2 22 1200
2 23 1200
2 24 1200
2 25 1200
2 26 1200
2 27 1200
2 28 1200
2 29 1200
2 30 1200
2 31 1200
2 32 1200
2 33 1200
2 34 1200
2 35 1200
2 36 1200
2 37 1200
2 38 1200
2 39 1200
2 40 1200
2 41 1200
2 42 1200
2 43 1200
2 44 1200
2 45 1200
2 46 1200
2 47 1200
2 48 1200
2 49 1200
2 50 1200
2 51 1200
2 52 1200
2 53 1200
2 54 1200
2 55 1200
2 56 1200
2 57 1200
2 58 1200
2 59 1200
2 60 1200
2 61 1200
2 62 1200
2 63 1200
2 64 1200
2 65 1200
2 66 1200
2 67 1200
2 68 1200
2 69 1200
2 70 1200
2 71 1200
2 72 1200
2 73 1200
2 74 1200
2 75 1200
2 76 1200
2 77 1200
2 78 1200
2 79 1200
2 80 1200
2 81 1200
2 82 1200
2 83 1200
2 84 1200
2 85 1200
2 86 1200
2 87 1200
2 88 1200
2 89 1200
2 90 1200
2 91 1200
2 92 1200
2 93 1200
2 94 1200
2 95 1200
2 96 1200
2 97 1200
2 98 1200
2 99 1200
2 100 1200
2 101 1200
2 102 1200
2 103 1200
2 104 1200
2 105 1200
2 106 1200
2 107 1200
2 108 1200
2 109 1200
2 110 1200
2 111 1200
2 112 1200
2 113 1200
2 114 1200
2 115 1200
2 116 1200
2 117 1200
2 118 1200
2 119 1200
2 120 1200
2 121 1200
2 122 1200
2 123 1200
2 124 1200
2 125 1200
2 126 1200
2 127 1200
2 128 1200
2 129 1200
2 130 1200
2 131 1200
2 132 1200
2 133 1200
2 134 1200
2 135 1200
2 136 1200
2 137 1200
2 138 1200
2 139 1200
2 140 1200
2 141 1200
2 142 1200
2 143 1200
2 144 1200
2 145 1200
2 146 1200
2 147 1200
2 148 1200
2 149 1200
2 150 1200
2 151 1200
2 152 1200
2 153 1200
2 154 1200
2 155 1200
2 156 1200
2 157 1200
2 158 1200
2 159 1200
2 160 1200
2 161 1200
2 162 1200
2 163 1200
2 164 1200
2 165 1200
2 166 1200
2 167 1200
2 168 1200
2 169 1200
2 170 1200
2 171 1200
2 172 1200
2 173 1200
2 174 1200
2 175 1200
2 176 1200
2 177 1200
2 178 1200
2 179 1200
2 180 1200
2 181 1200
2 182 1200
2 183 1200
2 184 1200
2 185 1200
2 186 1200
2 187 1200
2 188 1200
2 189 1200
2 190 1200
2 191 1200
2 192 1200
2 193 1200
2 194 1200
2 195 1200
2 196 1200
2 197 1200
2 198 1200
2 199 1200
2 200 1200
2 201 1200
2 202 1200
2 203 1200
2 204 1200
2 205 1200
2 206 1200
2 207 1200
2 208 1200
2 209 1200
2 210 1200
2 211 1200
2 212 1200
2 213 1200
2 214 1200
2 215 1200
2 216 1200
2 217 1200
2 218 1200
2 219 1200
2 220 1200
2 221 1200
2 222 1200
2 223 1200
2 224 1200
2 225 1200
2 226 1200
2 227 1200
2 228 1200
2 229 1200
2 230 1200
2 231 1200
2 232 1200
2 233 1200
2 234 1200
2 235 1200
2 236 1200
2 237 1200
2 238 1200
2 239 1200
2 240 1200
2 241 1200
2 242 1200
2 243 1200
2 244 1200
2 245 1200
2 246 1200
2 247 1200
2 248 1200
2 249 1200
2 250 1200
2 251 1200
2 252 1200
2 253 1200
2 254 1200
2 255 1200
2 256 1200
2 257 1200
2 258 1200
2 259 1200
2 260 1200
2 261 1200
2 262 1200
2 263 1200
2 264 1200
2 265 1200
2 266 1200
2 267 1200
2 268 1200
2 269 1200
2 270 1200
2 271 1200
2 272 1200
2 273 1200
2 274 1200
2 275 1200
2 276 1200
2 277 1200
2 278 1200
2 279 1200
2 280 1200
2 281 1200
2 282 1200
2 283 1200
2 284 1200
2 285 1200
2 286 1200
2 287 1200
2 288 1200
2 289 1200
2 290 1200
2 291 1200
2 292 1200
2 293 1200
2 294 1200
2 295 1200
2 296 1200
2 297 1200
2 298 1200
2 299 1200
2 300 1200
2 301 1200
2 302 1200
2 303 1200
2 304 1200
2 305 1200
2 306 1200
2 307 1200
2 308 1200
2 309 1200
2 310 1200
2 311 1200
2 312 1200
2 313 1200
2 314 1200
2 315 1200
2 316 1200
2 317 1200
2 318 1200
2 319 1200
2 320 1200
2 321 1200
2 322 1200
2 323 1200
2 324 1200
2 325 1200
2 326 1200
2 327 1200
2 328 1200
2 329 1200
2 330 1200
2 331 1200
2 332 1200
2 333 1200
2 334 1200
2 335 1200
2 336 1200
2 337 1200
2 338 1200
2 339 1200
2 340 1200
2 341 1200
2 342 1200
2 343 1200
2 344 1200
2 345 1200
2 346 1200
2 347 1200
2 348 1200
2 349 1200
2 350 1200
2 351 1200
2 352 1200
2 353 1200
2 354 1200
2 355 1200
2 356 1200
2 357 1200
2 358 1200
2 359 1200
2 360 1200
2 361 1200
2 362 1200
2 363 1200
2 364 1200
2 365 1200
2 366 1200
2 367 1200
2 368 1200
2 369 1200
2 370 1200
2 371 1200
2 372 1200
2 373 1200
2 374 1200
2 375 1200
2 376 1200
2 377 1200
2 378 1200
2 379 1200
2 380 1200
2 381 1200
2 382 1200
2 383 1200
2 384 1200
2 385 1200
2 386 1200
2 387 1200
2 388 1200
2 389 1200
2 390 1200
2 391 1200
2 392 1200
2 393 1200
2 394 1200
2 395 1200
2 396 1200
2 397 1200
2 398 1200
2 399 1200
2 400 1200
2 401 1200
2 402 1200
2 403 1200
2 404 1200
2 405 1200
2 406 1200
2 407 1200
2 408 1200
2 409 1200
2 410 1200
2 411 1200
2 412 1200
2 413 1200
2 414 1200
2 415 1200
2 416 1200
2 417 1200
2 418 1200
2 419 1200
2 420 1200
2 421 1200
2 422 1200
2 423 1200
2 424 1200
2 425 1200
2 426 1200
2 427 1200
2 428 1200
2 429 1200
2 430 1200
2 431 1200
2 432 1200
2 433 1200
2 434 1200
2 435 1200
2 436 1200
2 437 1200
2 438 1200
2 439 1200
2 440 1200
2 441 1200
2 442 1200
2 443 1200
2 444 1200
2 445 1200
2 446 1200
2 447 1200
2 448 1200
2 449 1200
2 450 1200
2 451 1200
2 452 1200
2 453 1200
2 454 1200
2 455 1200
2 456 1200
2 457 1200
2 458 1200
2 459 1200
2 460 1200
2 461 1200
2 462 1200
2 463 1200
2 464 1200
2 465 1200
2 466 1200
2 467 1200
2 468 1200
2 469 1200
2 470 1200
2 471 1200
2 472 1200
2 473 1200
2 474 1200
2 475 1200
2 476 1200
2 477 1200
2 478 1200
2 479 1200
2 480 1200
2 481 1200
2 482 1200
2 483 1200
2 484 1200
2 485 1200
2 486 1200
2 487 1200
2 488 1200
2 489 1200
2 490 1200
2 491 1200
2 492 1200
2 493 1200
2 494 1200
2 495 1200
2 496 1200
2 497 1200
2 498 1200
2 499 1200
2 500 1200
2 501 1200
2 502 1200
2 503 1200
2 504 1200
2 505 1200
2 506 1200
2 507 1200
2 508 1200
2 509 1200
2 510 1200
2 511 1200
2 512 1200
2 513 1200
2 514 1200
2 515 1200
2 516 1200
2 517 1200
2 518 1200
2 519 1200
2 520 1200
2 521 1200
2 522 1200
2 523 1200
2 524 1200
2 525 1200
2 526 1200
2 527 1200
2 528 1200
2 529 1200
2 530 1200
2 531 1200
2 532 1200
2 533 1200
2 534 1200
2 535 1200
2 536 1200
2 537 1200
2 538 1200
2 539 1200
2 540 1200
2 541 1200
2 542 1200
2 543 1200
2 544 1200
2 545 1200
2 546 1200
2 547 1200
2 548 1200
2 549 1200
2 550 1200
2 551 1200
2 552 1200
2 553 1200
2 554 1200
2 555 1200
2 556 1200
2 557 1200
2 558 1200
2 559 1200
2 560 1200
2 561 1200
2 562 1200
2 563 1200
2 564 1200
2 565 1200
2 566 1200
2 567 1200
2 568 1200
2 569 1200
2 570 1200
2 571 1200
2 572 1200
2 573 1200
2 574 1200
2 575 1200
2 576 1200
2 577 1200
2 578 1200
2 579 1200
2 580 1200
2 581 1200
2 582 1200
2 583 1200
2 584 1200
2 585 1200
2 586 1200
2 587 1200
2 588 1200
2 589 1200
2 590 1200
2 591 1200
2 592 1200
2 593 1200
2 594 1200
2 595 1200
2 596 1200
2 597 1200
2 598 1200
2 599 1200
2 600 1200
2 601 1200
2 602 1200
2 603 1200
2 604 1200
2 605 1200
2 606 1200
2 607 1200
2 608 1200
2 609 1200
2 610 1200
2 611 1200
2 612 1200
2 613 1200
2 614 1200
2 615 1200
2 616 1200
2 617 1200
2 618 1200
2 619 1200
2 620 1200
2 621 1200
2 622 1200
2 623 1200
2 624 1200
2 625 1200
2 626 1200
2 627 1200
2 628 1200
2 629 1200
2 630 1200
2 631 1200
2 632 1200
2 633 1200
2 634 1200
2 635 1200
2 636 1200
2 637 1200
2 638 1200
2 639 1200
2 640 1200
2 641 1200
2 642 1200
2 643 1200
2 644 1200
2 645 1200
2 646 1200
2 647 1200
2 648 1200
2 649 1200
2 650 1200
2 651 1200
2 652 1200
2 653 1200
2 654 1200
2 655 1200
2 656 1200
2 657 1200
2 658 1200
2 659 1200
2 660 1200
2 661 1200
2 662 1200
2 663 1200
2 664 1200
2 665 1200
2 666 1200
2 667 1200
2 668 1200
2 669 1200
2 670 1200
2 671 1200
2 672 1200
2 673 1200
2 674 1200
2 675 1200
2 676 1200
2 677 1200
2 678 1200
2 679 1200
2 680 1200
2 681 1200
2 682 1200
2 683 1200
2 684 1200
2 685 1200
2 686 1200
2 687 1200
2 688 1200
2 689 1200
2 690 1200
2 691 1200
2 692 1200
2 693 1200
2 694 1200
2 695 1200
2 696 1200
2 697 1200
2 698 1200
2 699 1200
2 700 1200
2 701 1200
2 702 1200
2 703 1200
2 704 1200
2 705 1200
2 706 1200
2 707 1200
2 708 1200
2 709 1200
2 710 1200
2 711 1200
2 712 1200
2 713 1200
2 714 1200
2 715 1200
2 716 1200
2 717 1200
2 718 1200
2 719 1200
2 720 1200
2 721 1200
2 722 1200
2 723 1200
2 724 1200
2 725 1200
2 726 1200
2 727 1200
2 728 1200
2 729 1200
2 730 1200
2 731 1200
2 732 1200
2 733 1200
2 734 1200
2 735 1200
2 736 1200
2 737 1200
2 738 1200
2 739 1200
2 740 1200
2 741 1200
2 742 1200
2 743 1200
2 744 1200
2 745 1200
2 746 1200
2 747 1200
2 748 1200
2 749 1200
2 750 1200
2 751 1200
2 752 1200
2 753 1200
2 754 1200
2 755 1200
2 756 1200
2 757 1200
2 758 1200
2 759 1200
2 760 1200
2 761 1200
2 762 1200
2 763 1200
2 764 1200
2 765 1200
2 766 1200
2 767 1200
2 768 1200
2 769 1200
2 770 1200
2 771 1200
2 772 1200
2 773 1200
2 774 1200
2 775 1200
2 776 1200
2 777 1200
2 778 1200
2 779 1200
2 780 1200
2 781 1200
2 782 1200
2 783 1200
2 784 1200
2 785 1200
2 786 1200
2 787 1200
2 788 1200
2 789 1200
2 790 1200
2 791 1200
2 792 1200
2 793 1200
2 794 1200
2 795 1200
2 796 1200
2 797 1200
2 798 1200
2 799 1200
2 800 1200
2 801 1200
2 802 1200
2 803 1200
2 804 1200
2 805 1200
2 806 1200
2 807 1200
2 808 1200
2 809 1200
2 810 1200
2 811 1200
2 812 1200
2 813 1200
2 814 1200
2 815 1200
2 816 1200
2 817 1200
2 818 1200
2 819 1200
2 820 1200
2 821 1200
2 822 1200
2 823 1200
2 824 1200
2 825 1200
2 826 1200
2 827 1200
2 828 1200
2 829 1200
2 830 1200
2 831 1200
2 832 1200
2 833 1200
2 834 1200
2 835 1200
2 836 1200
2 837 1200
2 838 1200
2 839 1200
2 840 1200
2 841 1200
2 842 1200
2 843 1200
2 844 1200
2 845 1200
2 846 1200
2 847 1200
2 848 1200
2 849 1200
2 850 1200
2 851 1200
2 852 1200
2 853 1200
2 854 1200
2 855 1200
2 856 1200
2 857 1200
2 858 1200
2 859 1200
2 860 1200
2 861 1200
2 862 1200
2 863 1200
2 864 1200
2 865 1200
2 866 1200
2 867 1200
2 868 1200
2 869 1200
2 870 1200
2 871 1200
2 872 1200
2 873 1200
2 874 1200
2 875 1200
2 876 1200
2 877 1200
2 878 1200
2 879 1200
2 880 1200
2 881 1200
2 882 1200
2 883 1200
2 884 1200
2 885 1200
2 886 1200
2 887 1200
2 888 1200
2 889 1200
2 890 1200
2 891 1200
2 892 1200
2 893 1200
2 894 1200
2 895 1200
2 896 1200
2 897 1200
2 898 1200
2 899 1200
2 900 1200
2 901 1200
2 902 1200
2 903 1200
2 904 1200
2 905 1200
2 906 1200
2 907 1200
2 908 1200
2 909 1200
2 910 1200
2 911 1200
2 912 1200
2 913 1200
2 914 1200
2 915 1200
2 916 1200
2 917 1200
2 918 1200
2 919 1200
2 920 1200
2 921 1200
2 922 1200
2 923 1200
2 924 1200
2 925 1200
2 926 1200
2 927 1200
2 928 1200
2 929 1200
2 930 1200
2 931 1200
2 932 1200
2 933 1200
2 934 1200
2 935 1200
2 936 1200
2 937 1200
2 938 1200
2 939 1200
2 940 1200
2 941 1200
2 942 1200
2 943 1200
2 944 1200
2 945 1200
2 946 1200
2 947 1200
2 948 1200
2 949 1200
2 950 1200
2 951 1200
2 952 1200
2 953 1200
2 954 1200
2 955 1200
2 956 1200
2 957 1200
2 958 1200
2 959 1200
2 960 1200
2 961 1200
2 962 1200
2 963 1200
2 964 1200
2 965 1200
2 966 1200
2 967 1200
2 968 1200
2 969 1200
2 970 1200
2 971 1200
2 972 1200
2 973 1200
2 974 1200
2 975 1200
2 976 1200
2 977 1200
2 978 1200
2 979 1200
2 980 1200
2 981 1200
2 982 1200
2 983 1200
2 984 1200
2 985 1200
2 986 1200
2 987 1200
2 988 1200
2 989 1200
2 990 1200
2 991 1200
2 992 1200
2 993 1200
2 994 1200
2 995 1200
2 996 1200
2 997 1200
2 998 1200
2 999 1200
2 1000 1200
680 881 677 174 478 918 341 975 129 813 18 321 956 213 57 79 82 883 153 931 219 721 816 397 616 263 372 197 436 8 428 604 915 359 200 688 207 961 910 239 225 29 983 551 269 633 337 450 129 742 622 575 583 951 101 535 696 309 959 990 68 679 797 971 416 376 561 249 47 858 210 446 836 810 59 92 166 955 246 854 621 80 205 150 572 196 953 981 456 140 95 34 256 512 416 758 990 237 575 367 421 222 888 236 394 445 808 528 712 108 656 635 111 897 93 806 317 730 357 45 223 892 26 9 921 475 803 831 701 405 508 675 929 679 962 521 428 149 700 101 378 635 735 177 942 890 160 887 119 296 591 240 654 630 218 181 855 80 543 556 638 272 607 389 348 932 279 180 418 370 657 706 581 321 19 832 483 681 725 251 925 790 304 814 357 113 118 4 25 688 357 806 913 695 800 76 22 462 287 135 403 180 350 750 305 261 876 455 821 57 628 481 85 349 745 55 267 29 854 984 504 898 259 652 197 152 767 498 542 364 498 968 680 348 898 138 13 863 506 639 909 495 85 440 591 188 689 683 577 227 1 743 76 926 635 208 883 358 868 461 837 206 257 840 337 106 871 518 738 383 173 712 883 637 368 417 76 299 583 689 502 18 889 97 860 996 164 552 922 414 447 430 474 940 274 575 717 76 820 498 991 318 277 274 742 586 126 516 580 522 869 570 515 106 293 376 152 949 894 502 523 890 760 453 734 759 558 805 956 44 745 733 853 243 746 893 903 838 757 265 318 474 122 558 647 427 669 867 425 329 936 376 918 745 584 465 465 702 485 129 447 25 94 73 115 279 877 872 413 354 646 775 75 83 286 853 419 774 225 673 255 598 772 230 130 403 373 524 226 353 496 348 606 195 531 412 210 392 796 252 273 485 90 512 650 51 65 927 910 170 617 251 625 462 177 626 671 681 800 804 449 73 629 838 872 659 472 535 905 560 233 113 42 815 367 594 876 468 299 988 921 336 182 249 928 400 527 91 846 626 754 66 208 69 526 639 246 680 478 882 218 839 978 735 1 553 974 494 297 125 660 443 580 846 774 827 963 277 334 424 519 142 337 494 748 93 121 831 680 219 859 940 730 59 657 134 294 370 624 268 864 199 884 277 270 278 162 872 403 963 103 162 273 902 335 88 424 906 952 462 220 930 376 391 203 134 260 829 480 98 940 164 633 640 75 138 864 368 99 785 96 876 240 809 717 201 283 736 297 651 922 851 637 400 774 961 805 287 77 613 751 266 833 709 837 178 633 946 329 11 783 927 761 280 218 372 787 263 396 445 770 712 231 287 257 834 243 35 575 751 995 247 484 329 361 856 116 389 95 124 586 567 632 472 294 678 341 133 138 241 876 576 185 322 679 26 665 442 657 117 498 141 270 457 383 671 331 677 981 391 523 834 346 788 276 948 464 958 282 802 450 518 602 377 990 719 665 364 700 822 870 63 662 545 686 243 640 837 999 828 353 850 119 202 650 122 797 309 447 248 7 900 732 102 206 448 578 994 655 332 763 41 492 848 330 900 163 343 5 834 69 85 559 742 913 397 722 946 257 553 826 757 318 147 944 697 1000 276 213 776 944 164 509 16 274 569 638 452 453 995 721 62 997 879 568 585 467 19 881 332 170 874 594 236 149 767 373 168 280 935 334 475 965 362 851 205 952 443 899 227 836 640 818 153 383 228 988 981 243 707 935 278 263 278 847 517 966 952 796 378 22 383 718 346 908 703 28 383 245 36 297 329 264 526 352 596 347 498 602 306 3 71 718 410 944 893 624 977 368 701 548 280 186 701 621 421 102 395 465 95 555 804 191 637 449 565 405 646 457 482 67 246 874 989 851 119 373 969 837 534 250 447 686 56 180 321 633 813 707 685 218 508 265 325 814 111 472 245 310 648 961 20 214 803 47 774 217 422 158 409 807 887 878 126 362 821 397 795 757 641 716 791 526 254 207 757 574 23 779 485 966 944 860 375 212 288 548 314 486 262 355 932 262 113 811 410 911 612 675
