2500 4900 1000
1 2 281
1 51 359
2 3 497
2 52 1000
3 4 43
3 53 719
4 5 202
4 54 50
5 6 42
5 55 943
6 7 995
6 56 972
7 8 936
7 57 853
8 9 946
8 58 58
9 10 469
9 59 869
10 11 4
10 60 197
11 12 571
11 61 45
12 13 9
12 62 667
13 14 363
13 63 213
14 15 699
14 64 22
15 16 911
15 65 236
16 17 664
16 66 57
17 18 426
17 67 838
18 19 763
18 68 673
19 20 613
19 69 314
20 21 906
20 70 248
21 22 404
21 71 556
22 23 427
22 72 56
23 24 992
23 73 750
24 25 937
24 74 294
25 26 110
25 75 548
26 27 838
26 76 52
27 28 624
27 77 864
28 29 720
28 78 964
29 30 298
29 79 187
30 31 897
30 80 50
31 32 271
31 81 46
32 33 194
32 82 298
33 34 181
33 83 24
34 35 752
34 84 497
35 36 839
35 85 216
36 37 482
36 86 80
37 38 890
37 87 117
38 39 985
38 88 254
39 40 330
39 89 468
40 41 992
40 90 53
41 42 21
41 91 362
42 43 439
42 92 105
43 44 224
43 93 258
44 45 899
44 94 52
45 46 753
45 95 473
46 47 64
46 96 677
47 48 325
47 97 9
48 49 425
48 98 169
49 50 747
49 99 899
50 100 327
51 52 235
51 101 328
52 53 184
52 102 377
53 54 857
53 103 828
54 55 138
54 104 323
55 56 327
55 105 861
56 57 86
56 106 66
57 58 208
57 107 546
58 59 5
58 108 910
59 60 305
59 109 315
60 61 587
60 110 657
61 62 320
61 111 744
62 63 607
62 112 175
63 64 165
63 113 239
64 65 188
64 114 518
65 66 9
65 115 306
66 67 640
66 116 65
67 68 956
67 117 591
68 69 715
68 118 600
69 70 283
69 119 458
70 71 18
70 120 505
71 72 578
71 121 632
72 73 421
72 122 597
73 74 557
73 123 710
74 75 294
74 124 228
75 76 614
75 125 905
76 77 947
76 126 362
77 78 90
77 127 271
78 79 549
78 128 615
79 80 93
79 129 174
80 81 921
80 130 497
81 82 79
81 131 27
82 83 471
82 132 877
83 84 46
83 133 670
84 85 274
84 134 646
85 86 526
85 135 772
86 87 975
86 136 700
87 88 855
87 137 525
88 89 793
88 138 817
89 90 830
89 139 519
90 91 396
90 140 776
91 92 535
91 141 371
92 93 937
92 142 639
93 94 841
93 143 318
94 95 74
94 144 871
95 96 346
95 145 963
96 97 742
96 146 569
97 98 805
97 147 990
98 99 271
98 148 620
99 100 664
99 149 508
100 150 58
101 102 36
101 151 147
102 103 978
102 152 647
103 104 20
103 153 318
104 105 251
104 154 26
105 106 519
105 155 451
106 107 430
106 156 905
107 108 347
107 157 420
108 109 151
108 158 662
109 110 440
109 159 750
110 111 781
110 160 151
111 112 376
111 161 590
112 113 964
112 162 461
113 114 271
113 163 74
114 115 28
114 164 274
115 116 21
115 165 51
116 117 577
116 166 542
117 118 617
117 167 937
118 119 964
118 168 259
119 120 680
119 169 672
120 121 354
120 170 912
121 122 447
121 171 467
122 123 116
122 172 691
123 124 373
123 173 630
124 125 55
124 174 426
125 126 204
125 175 151
126 127 76
126 176 28
127 128 202
127 177 336
128 129 138
128 178 156
129 130 163
129 179 934
130 131 419
130 180 830
131 132 217
131 181 222
132 133 717
132 182 701
133 134 958
133 183 313
134 135 66
134 184 155
135 136 609
135 185 468
136 137 442
136 186 978
137 138 440
137 187 926
138 139 231
138 188 819
139 140 693
139 189 140
140 141 417
140 190 573
141 142 164
141 191 615
142 143 995
142 192 377
143 144 60
143 193 640
144 145 278
144 194 572
145 146 292
145 195 130
146 147 661
146 196 644
147 148 983
147 197 809
148 149 832
148 198 942
149 150 651
149 199 922
150 200 908
151 152 567
151 201 70
152 153 499
152 202 259
153 154 793
153 203 59
154 155 36
154 204 345
155 156 169
155 205 788
156 157 398
156 206 479
157 158 415
157 207 271
158 159 331
158 208 387
159 160 990
159 209 302
160 161 567
160 210 543
161 162 28
161 211 498
162 163 565
162 212 928
163 164 308
163 213 504
164 165 916
164 214 426
165 166 714
165 215 79
166 167 36
166 216 491
167 168 310
167 217 736
168 169 404
168 218 845
169 170 357
169 219 423
170 171 398
170 220 8
171 172 277
171 221 777
172 173 237
172 222 775
173 174 1000
173 223 574
174 175 421
174 224 242
175 176 242
175 225 690
176 177 564
176 226 388
177 178 46
177 227 414
178 179 71
178 228 150
179 180 533
179 229 604
180 181 264
180 230 835
181 182 969
181 231 651
182 183 391
182 232 565
183 184 90
183 233 223
184 185 599
184 234 609
185 186 942
185 235 373
186 187 74
186 236 526
187 188 30
187 237 189
188 189 496
188 238 675
189 190 647
189 239 841
190 191 236
190 240 537
191 192 398
191 241 389
192 193 319
192 242 871
193 194 112
193 243 928
194 195 177
194 244 701
195 196 385
195 245 282
196 197 116
196 246 228
197 198 91
197 247 30
198 199 420
198 248 100
199 200 729
199 249 250
200 250 348
201 202 253
201 251 92
202 203 612
202 252 59
203 204 346
203 253 670
204 205 960
204 254 327
205 206 146
205 255 877
206 207 399
206 256 520
207 208 233
207 257 842
208 209 978
208 258 832
209 210 647
209 259 523
210 211 183
210 260 338
211 212 407
211 261 46
212 213 875
212 262 513
213 214 371
213 263 503
214 215 441
214 264 946
215 216 742
215 265 404
216 217 945
216 266 692
217 218 82
217 267 14
218 219 29
218 268 270
219 220 667
219 269 323
220 221 665
220 270 962
221 222 988
221 271 482
222 223 833
222 272 178
223 224 200
223 273 542
224 225 366
224 274 720
225 226 668
225 275 239
226 227 884
226 276 938
227 228 75
227 277 589
228 229 198
228 278 573
229 230 97
229 279 367
230 231 827
230 280 489
231 232 893
231 281 179
232 233 78
232 282 214
233 234 769
233 283 494
234 235 72
234 284 789
235 236 371
235 285 238
236 237 520
236 286 410
237 238 601
237 287 222
238 239 518
238 288 345
239 240 64
239 289 890
240 241 948
240 290 302
241 242 22
241 291 796
242 243 222
242 292 289
243 244 193
243 293 902
244 245 636
244 294 730
245 246 607
245 295 345
246 247 693
246 296 498
247 248 863
247 297 469
248 249 358
248 298 810
249 250 280
249 299 746
250 300 212
251 252 159
251 301 857
252 253 247
252 302 918
253 254 223
253 303 449
254 255 896
254 304 550
255 256 317
255 305 128
256 257 93
256 306 450
257 258 283
257 307 861
258 259 393
258 308 182
259 260 864
259 309 1
260 261 65
260 310 52
261 262 192
261 311 395
262 263 302
262 312 567
263 264 116
263 313 486
264 265 580
264 314 836
265 266 689
265 315 185
266 267 259
266 316 713
267 268 317
267 317 901
268 269 837
268 318 587
269 270 799
269 319 596
270 271 738
270 320 355
271 272 782
271 321 447
272 273 249
272 322 544
273 274 910
273 323 401
274 275 272
274 324 539
275 276 366
275 325 651
276 277 437
276 326 879
277 278 245
277 327 559
278 279 374
278 328 232
279 280 879
279 329 505
280 281 630
280 330 501
281 282 138
281 331 650
282 283 25
282 332 329
283 284 662
283 333 567
284 285 850
284 334 734
285 286 548
285 335 170
286 287 18
286 336 611
287 288 429
287 337 991
288 289 340
288 338 776
289 290 207
289 339 226
290 291 407
290 340 558
291 292 356
291 341 47
292 293 340
292 342 493
293 294 723
293 343 562
294 295 432
294 344 32
295 296 787
295 345 648
296 297 396
296 346 988
297 298 685
297 347 909
298 299 235
298 348 601
299 300 522
299 349 599
300 350 244
301 302 672
301 351 725
302 303 667
302 352 977
303 304 22
303 353 34
304 305 711
304 354 167
305 306 327
305 355 510
306 307 752
306 356 511
307 308 295
307 357 625
308 309 773
308 358 140
309 310 677
309 359 770
310 311 163
310 360 854
311 312 265
311 361 769
312 313 90
312 362 542
313 314 31
313 363 475
314 315 792
314 364 355
315 316 332
315 365 849
316 317 189
316 366 332
317 318 352
317 367 130
318 319 415
318 368 359
319 320 317
319 369 907
320 321 543
320 370 954
321 322 560
321 371 468
322 323 227
322 372 264
323 324 829
323 373 893
324 325 397
324 374 326
325 326 87
325 375 304
326 327 724
326 376 750
327 328 320
327 377 144
328 329 225
328 378 547
329 330 78
329 379 427
330 331 197
330 380 815
331 332 880
331 381 364
332 333 745
332 382 314
333 334 135
333 383 572
334 335 807
334 384 108
335 336 480
335 385 450
336 337 335
336 386 740
337 338 472
337 387 40
338 339 963
338 388 153
339 340 497
339 389 808
340 341 935
340 390 809
341 342 789
341 391 95
342 343 436
342 392 201
343 344 312
343 393 465
344 345 660
344 394 317
345 346 450
345 395 773
346 347 619
346 396 856
347 348 93
347 397 642
348 349 428
348 398 741
349 350 557
349 399 474
350 400 65
351 352 743
351 401 54
352 353 62
352 402 455
353 354 991
353 403 938
354 355 731
354 404 873
355 356 332
355 405 194
356 357 411
356 406 388
357 358 551
357 407 484
358 359 686
358 408 91
359 360 559
359 409 679
360 361 443
360 410 219
361 362 802
361 411 107
362 363 290
362 412 922
363 364 614
363 413 380
364 365 724
364 414 540
365 366 287
365 415 25
366 367 804
366 416 782
367 368 449
367 417 839
368 369 1000
368 418 415
369 370 217
369 419 772
370 371 123
370 420 235
371 372 991
371 421 537
372 373 973
372 422 434
373 374 934
373 423 287
374 375 934
374 424 545
375 376 679
375 425 349
376 377 182
376 426 175
377 378 379
377 427 184
378 379 64
378 428 266
379 380 32
379 429 101
380 381 808
380 430 370
381 382 510
381 431 819
382 383 539
382 432 847
383 384 682
383 433 893
384 385 518
384 434 247
385 386 587
385 435 894
386 387 42
386 436 627
387 388 291
387 437 469
388 389 158
388 438 738
389 390 928
389 439 716
390 391 6
390 440 22
391 392 851
391 441 507
392 393 786
392 442 14
393 394 776
393 443 154
394 395 266
394 444 643
395 396 792
395 445 479
396 397 560
396 446 727
397 398 555
397 447 164
398 399 502
398 448 50
399 400 402
399 449 293
400 450 34
401 402 895
401 451 157
402 403 401
402 452 928
403 404 223
403 453 432
404 405 423
404 454 327
405 406 645
405 455 619
406 407 163
406 456 614
407 408 274
407 457 169
408 409 897
408 458 984
409 410 673
409 459 73
410 411 968
410 460 301
411 412 645
411 461 540
412 413 459
412 462 804
413 414 793
413 463 454
414 415 692
414 464 829
415 416 177
415 465 537
416 417 450
416 466 356
417 418 824
417 467 334
418 419 797
418 468 531
419 420 33
419 469 277
420 421 623
420 470 767
421 422 482
421 471 215
422 423 197
422 472 14
423 424 725
423 473 698
424 425 286
424 474 199
425 426 72
425 475 5
426 427 915
426 476 963
427 428 232
427 477 429
428 429 8
428 478 522
429 430 506
429 479 359
430 431 370
430 480 433
431 432 915
431 481 286
432 433 722
432 482 755
433 434 640
433 483 344
434 435 689
434 484 845
435 436 896
435 485 268
436 437 548
436 486 462
437 438 560
437 487 46
438 439 26
438 488 311
439 440 791
439 489 470
440 441 931
440 490 783
441 442 348
441 491 358
442 443 227
442 492 283
443 444 124
443 493 115
444 445 655
444 494 164
445 446 17
445 495 6
446 447 111
446 496 537
447 448 783
447 497 51
448 449 29
448 498 431
449 450 705
449 499 601
450 500 630
451 452 709
451 501 483
452 453 507
452 502 470
453 454 21
453 503 105
454 455 327
454 504 729
455 456 616
455 505 792
456 457 789
456 506 647
457 458 785
457 507 315
458 459 106
458 508 239
459 460 141
459 509 946
460 461 222
460 510 879
461 462 569
461 511 157
462 463 554
462 512 235
463 464 677
463 513 599
464 465 270
464 514 548
465 466 512
465 515 593
466 467 106
466 516 811
467 468 44
467 517 604
468 469 907
468 518 687
469 470 51
469 519 324
470 471 89
470 520 330
471 472 121
471 521 113
472 473 463
472 522 507
473 474 412
473 523 7
474 475 42
474 524 231
475 476 194
475 525 384
476 477 645
476 526 25
477 478 810
477 527 512
478 479 980
478 528 933
479 480 934
479 529 546
480 481 584
480 530 15
481 482 55
481 531 794
482 483 979
482 532 529
483 484 9
483 533 826
484 485 580
484 534 980
485 486 552
485 535 408
486 487 789
486 536 959
487 488 563
487 537 968
488 489 731
488 538 838
489 490 568
489 539 438
490 491 846
490 540 589
491 492 409
491 541 959
492 493 481
492 542 389
493 494 582
493 543 113
494 495 916
494 544 37
495 496 699
495 545 640
496 497 905
496 546 653
497 498 43
497 547 82
498 499 691
498 548 791
499 500 380
499 549 85
500 550 142
501 502 464
501 551 221
502 503 463
502 552 699
503 504 686
503 553 989
504 505 406
504 554 410
505 506 529
505 555 318
506 507 74
506 556 317
507 508 870
507 557 66
508 509 256
508 558 867
509 510 594
509 559 277
510 511 672
510 560 810
511 512 556
511 561 444
512 513 729
512 562 880
513 514 711
513 563 388
514 515 379
514 564 604
515 516 478
515 565 941
516 517 685
516 566 944
517 518 969
517 567 144
518 519 344
518 568 514
519 520 687
519 569 992
520 521 76
520 570 980
521 522 492
521 571 421
522 523 594
522 572 377
523 524 277
523 573 758
524 525 761
524 574 904
525 526 217
525 575 520
526 527 653
526 576 302
527 528 138
527 577 881
528 529 261
528 578 127
529 530 228
529 579 930
530 531 356
530 580 196
531 532 342
531 581 557
532 533 226
532 582 612
533 534 887
533 583 876
534 535 355
534 584 980
535 536 315
535 585 474
536 537 456
536 586 961
537 538 358
537 587 797
538 539 125
538 588 528
539 540 415
539 589 620
540 541 724
540 590 435
541 542 929
541 591 21
542 543 200
542 592 311
543 544 838
543 593 339
544 545 212
544 594 300
545 546 269
545 595 438
546 547 364
546 596 300
547 548 78
547 597 403
548 549 908
548 598 736
549 550 635
549 599 662
550 600 480
551 552 263
551 601 329
552 553 653
552 602 860
553 554 609
553 603 87
554 555 831
554 604 13
555 556 699
555 605 535
556 557 332
556 606 760
557 558 803
557 607 891
558 559 263
558 608 441
559 560 950
559 609 585
560 561 689
560 610 230
561 562 488
561 611 385
562 563 144
562 612 973
563 564 100
563 613 255
564 565 664
564 614 763
565 566 645
565 615 117
566 567 144
566 616 991
567 568 884
567 617 594
568 569 520
568 618 431
569 570 147
569 619 896
570 571 66
570 620 817
571 572 634
571 621 523
572 573 887
572 622 84
573 574 87
573 623 286
574 575 579
574 624 952
575 576 147
575 625 714
576 577 580
576 626 491
577 578 587
577 627 457
578 579 902
578 628 502
579 580 204
579 629 848
580 581 907
580 630 655
581 582 171
581 631 564
582 583 889
582 632 537
583 584 715
583 633 150
584 585 916
584 634 145
585 586 72
585 635 257
586 587 438
586 636 81
587 588 964
587 637 443
588 589 588
588 638 978
589 590 872
589 639 91
590 591 539
590 640 293
591 592 254
591 641 202
592 593 970
592 642 772
593 594 924
593 643 85
594 595 34
594 644 183
595 596 36
595 645 474
596 597 940
596 646 281
597 598 881
597 647 928
598 599 697
598 648 284
599 600 748
599 649 212
600 650 224
601 602 345
601 651 848
602 603 202
602 652 651
603 604 493
603 653 675
604 605 464
604 654 283
605 606 321
605 655 478
606 607 769
606 656 102
607 608 169
607 657 903
608 609 737
608 658 901
609 610 447
609 659 101
610 611 428
610 660 19
611 612 464
611 661 139
612 613 388
612 662 883
613 614 703
613 663 81
614 615 955
614 664 225
615 616 81
615 665 631
616 617 101
616 666 836
617 618 673
617 667 211
618 619 17
618 668 498
619 620 261
619 669 405
620 621 466
620 670 901
621 622 57
621 671 193
622 623 113
622 672 460
623 624 338
623 673 685
624 625 806
624 674 957
625 626 189
625 675 452
626 627 671
626 676 570
627 628 777
627 677 946
628 629 23
628 678 169
629 630 283
629 679 345
630 631 178
630 680 360
631 632 992
631 681 59
632 633 544
632 682 993
633 634 368
633 683 865
634 635 249
634 684 2
635 636 809
635 685 379
636 637 896
636 686 144
637 638 498
637 687 345
638 639 635
638 688 430
639 640 705
639 689 10
640 641 610
640 690 264
641 642 575
641 691 586
642 643 485
642 692 485
643 644 770
643 693 241
644 645 683
644 694 77
645 646 747
645 695 450
646 647 392
646 696 919
647 648 298
647 697 153
648 649 678
648 698 245
649 650 38
649 699 249
650 700 232
651 652 116
651 701 473
652 653 709
652 702 915
653 654 799
653 703 20
654 655 693
654 704 638
655 656 523
655 705 159
656 657 404
656 706 988
657 658 496
657 707 939
658 659 543
658 708 103
659 660 334
659 709 772
660 661 464
660 710 847
661 662 359
661 711 889
662 663 444
662 712 411
663 664 108
663 713 493
664 665 153
664 714 47
665 666 691
665 715 51
666 667 309
666 716 559
667 668 950
667 717 574
668 669 323
668 718 322
669 670 655
669 719 831
670 671 807
670 720 451
671 672 179
671 721 34
672 673 516
672 722 420
673 674 173
673 723 755
674 675 403
674 724 12
675 676 309
675 725 325
676 677 103
676 726 867
677 678 152
677 727 99
678 679 879
678 728 75
679 680 369
679 729 755
680 681 347
680 730 834
681 682 200
681 731 447
682 683 491
682 732 381
683 684 314
683 733 414
684 685 340
684 734 790
685 686 354
685 735 739
686 687 453
686 736 193
687 688 71
687 737 884
688 689 113
688 738 28
689 690 589
689 739 558
690 691 213
690 740 493
691 692 65
691 741 958
692 693 301
692 742 504
693 694 599
693 743 835
694 695 506
694 744 249
695 696 533
695 745 547
696 697 215
696 746 95
697 698 726
697 747 795
698 699 980
698 748 338
699 700 176
699 749 978
700 750 698
701 702 399
701 751 847
702 703 152
702 752 136
703 704 473
703 753 958
704 705 244
704 754 853
705 706 338
705 755 586
706 707 251
706 756 295
707 708 314
707 757 650
708 709 648
708 758 91
709 710 158
709 759 388
710 711 920
710 760 350
711 712 821
711 761 593
712 713 940
712 762 588
713 714 831
713 763 300
714 715 261
714 764 927
715 716 864
715 765 199
716 717 235
716 766 219
717 718 404
717 767 94
718 719 774
718 768 631
719 720 458
719 769 600
720 721 97
720 770 974
721 722 286
721 771 316
722 723 268
722 772 167
723 724 802
723 773 344
724 725 585
724 774 89
725 726 405
725 775 55
726 727 473
726 776 403
727 728 470
727 777 540
728 729 528
728 778 884
729 730 914
729 779 194
730 731 614
730 780 758
731 732 413
731 781 743
732 733 831
732 782 80
733 734 165
733 783 904
734 735 910
734 784 452
735 736 805
735 785 150
736 737 109
736 786 605
737 738 449
737 787 241
738 739 176
738 788 622
739 740 773
739 789 52
740 741 411
740 790 31
741 742 459
741 791 681
742 743 752
742 792 929
743 744 597
743 793 990
744 745 886
744 794 405
745 746 855
745 795 65
746 747 686
746 796 863
747 748 929
747 797 560
748 749 168
748 798 345
749 750 452
749 799 628
750 800 230
751 752 845
751 801 730
752 753 455
752 802 927
753 754 458
753 803 43
754 755 907
754 804 375
755 756 188
755 805 604
756 757 909
756 806 980
757 758 541
757 807 643
758 759 354
758 808 308
759 760 928
759 809 697
760 761 256
760 810 734
761 762 344
761 811 575
762 763 40
762 812 678
763 764 908
763 813 685
764 765 330
764 814 325
765 766 429
765 815 974
766 767 163
766 816 936
767 768 27
767 817 704
768 769 59
768 818 183
769 770 437
769 819 691
770 771 97
770 820 561
771 772 896
771 821 927
772 773 675
772 822 366
773 774 594
773 823 219
774 775 544
774 824 525
775 776 136
775 825 219
776 777 577
776 826 312
777 778 476
777 827 170
778 779 631
778 828 852
779 780 523
779 829 440
780 781 966
780 830 597
781 782 102
781 831 550
782 783 947
782 832 130
783 784 254
783 833 688
784 785 898
784 834 189
785 786 958
785 835 657
786 787 212
786 836 566
787 788 212
787 837 397
788 789 342
788 838 856
789 790 288
789 839 859
790 791 965
790 840 923
791 792 24
791 841 707
792 793 121
792 842 772
793 794 699
793 843 839
794 795 591
794 844 538
795 796 76
795 845 747
796 797 772
796 846 498
797 798 554
797 847 401
798 799 502
798 848 446
799 800 982
799 849 737
800 850 373
801 802 241
801 851 396
802 803 383
802 852 426
803 804 518
803 853 942
804 805 695
804 854 527
805 806 417
805 855 69
806 807 341
806 856 640
807 808 318
807 857 801
808 809 656
808 858 984
809 810 786
809 859 795
810 811 958
810 860 751
811 812 199
811 861 977
812 813 414
812 862 210
813 814 755
813 863 26
814 815 394
814 864 659
815 816 882
815 865 938
816 817 628
816 866 43
817 818 315
817 867 712
818 819 410
818 868 230
819 820 145
819 869 559
820 821 757
820 870 845
821 822 539
821 871 274
822 823 614
822 872 441
823 824 591
823 873 179
824 825 890
824 874 959
825 826 170
825 875 669
826 827 776
826 876 23
827 828 594
827 877 64
828 829 272
828 878 746
829 830 544
829 879 414
830 831 567
830 880 27
831 832 272
831 881 820
832 833 928
832 882 629
833 834 603
833 883 450
834 835 229
834 884 653
835 836 775
835 885 271
836 837 78
836 886 305
837 838 621
837 887 359
838 839 40
838 888 249
839 840 756
839 889 374
840 841 722
840 890 997
841 842 492
841 891 41
842 843 485
842 892 328
843 844 85
843 893 451
844 845 946
844 894 163
845 846 257
845 895 733
846 847 832
846 896 525
847 848 511
847 897 594
848 849 462
848 898 81
849 850 49
849 899 346
850 900 430
851 852 41
851 901 569
852 853 861
852 902 410
853 854 306
853 903 279
854 855 131
854 904 619
855 856 23
855 905 894
856 857 337
856 906 256
857 858 979
857 907 304
858 859 823
858 908 148
859 860 665
859 909 631
860 861 984
860 910 315
861 862 550
861 911 270
862 863 585
862 912 742
863 864 153
863 913 863
864 865 429
864 914 613
865 866 514
865 915 278
866 867 648
866 916 781
867 868 49
867 917 749
868 869 11
868 918 762
869 870 248
869 919 345
870 871 288
870 920 455
871 872 500
871 921 685
872 873 990
872 922 619
873 874 479
873 923 534
874 875 743
874 924 702
875 876 346
875 925 488
876 877 16
876 926 52
877 878 82
877 927 871
878 879 992
878 928 793
879 880 920
879 929 656
880 881 533
880 930 486
881 882 429
881 931 360
882 883 331
882 932 459
883 884 645
883 933 908
884 885 207
884 934 934
885 886 923
885 935 635
886 887 340
886 936 131
887 888 30
887 937 106
888 889 523
888 938 196
889 890 3
889 939 167
890 891 648
890 940 26
891 892 227
891 941 48
892 893 866
892 942 85
893 894 399
893 943 100
894 895 27
894 944 352
895 896 913
895 945 49
896 897 314
896 946 513
897 898 796
897 947 352
898 899 421
898 948 512
899 900 806
899 949 935
900 950 138
901 902 517
901 951 284
902 903 878
902 952 992
903 904 567
903 953 439
904 905 499
904 954 865
905 906 930
905 955 215
906 907 97
906 956 43
907 908 873
907 957 709
908 909 999
908 958 128
909 910 365
909 959 69
910 911 445
910 960 186
911 912 892
911 961 300
912 913 572
912 962 683
913 914 381
913 963 278
914 915 759
914 964 828
915 916 395
915 965 123
916 917 84
916 966 764
917 918 824
917 967 282
918 919 320
918 968 764
919 920 860
919 969 935
920 921 42
920 970 912
921 922 486
921 971 241
922 923 438
922 972 480
923 924 634
923 973 271
924 925 397
924 974 360
925 926 868
925 975 589
926 927 610
926 976 549
927 928 132
927 977 25
928 929 49
928 978 825
929 930 267
929 979 931
930 931 299
930 980 585
931 932 205
931 981 196
932 933 213
932 982 13
933 934 495
933 983 958
934 935 890
934 984 295
935 936 746
935 985 964
936 937 510
936 986 832
937 938 856
937 987 603
938 939 748
938 988 471
939 940 646
939 989 170
940 941 594
940 990 627
941 942 364
941 991 150
942 943 748
942 992 83
943 944 593
943 993 577
944 945 670
944 994 892
945 946 674
945 995 508
946 947 910
946 996 76
947 948 981
947 997 706
948 949 937
948 998 84
949 950 656
949 999 350
950 1000 196
951 952 115
951 1001 600
952 953 824
952 1002 742
953 954 760
953 1003 519
954 955 285
954 1004 341
955 956 40
955 1005 349
956 957 509
956 1006 78
957 958 729
957 1007 874
958 959 336
958 1008 225
959 960 110
959 1009 739
960 961 523
960 1010 924
961 962 4
961 1011 363
962 963 456
962 1012 743
963 964 804
963 1013 332
964 965 876
964 1014 311
965 966 379
965 1015 230
966 967 660
966 1016 135
967 968 102
967 1017 975
968 969 586
968 1018 644
969 970 873
969 1019 980
970 971 661
970 1020 208
971 972 170
971 1021 590
972 973 864
972 1022 865
973 974 738
973 1023 449
974 975 428
974 1024 627
975 976 836
975 1025 209
976 977 975
976 1026 203
977 978 89
977 1027 813
978 979 615
978 1028 629
979 980 930
979 1029 345
980 981 10
980 1030 153
981 982 336
981 1031 391
982 983 248
982 1032 977
983 984 25
983 1033 294
984 985 403
984 1034 23
985 986 12
985 1035 534
986 987 805
986 1036 788
987 988 662
987 1037 626
988 989 731
988 1038 876
989 990 389
989 1039 158
990 991 169
990 1040 984
991 992 286
991 1041 979
992 993 590
992 1042 660
993 994 738
993 1043 369
994 995 289
994 1044 154
995 996 663
995 1045 213
996 997 420
996 1046 878
997 998 596
997 1047 108
998 999 936
998 1048 516
999 1000 468
999 1049 622
1000 1050 202
1001 1002 215
1001 1051 590
1002 1003 734
1002 1052 252
1003 1004 507
1003 1053 204
1004 1005 120
1004 1054 311
1005 1006 789
1005 1055 764
1006 1007 100
1006 1056 927
1007 1008 82
1007 1057 676
1008 1009 203
1008 1058 103
1009 1010 581
1009 1059 585
1010 1011 327
1010 1060 943
1011 1012 581
1011 1061 401
1012 1013 536
1012 1062 499
1013 1014 270
1013 1063 838
1014 1015 140
1014 1064 942
1015 1016 222
1015 1065 438
1016 1017 966
1016 1066 759
1017 1018 156
1017 1067 690
1018 1019 691
1018 1068 931
1019 1020 772
1019 1069 68
1020 1021 841
1020 1070 651
1021 1022 189
1021 1071 837
1022 1023 393
1022 1072 535
1023 1024 615
1023 1073 37
1024 1025 206
1024 1074 795
1025 1026 319
1025 1075 996
1026 1027 310
1026 1076 736
1027 1028 390
1027 1077 592
1028 1029 785
1028 1078 718
1029 1030 177
1029 1079 176
1030 1031 200
1030 1080 178
1031 1032 553
1031 1081 297
1032 1033 439
1032 1082 859
1033 1034 613
1033 1083 199
1034 1035 470
1034 1084 929
1035 1036 135
1035 1085 950
1036 1037 500
1036 1086 111
1037 1038 957
1037 1087 161
1038 1039 949
1038 1088 520
1039 1040 497
1039 1089 523
1040 1041 423
1040 1090 488
1041 1042 59
1041 1091 76
1042 1043 895
1042 1092 989
1043 1044 45
1043 1093 110
1044 1045 377
1044 1094 790
1045 1046 511
1045 1095 760
1046 1047 95
1046 1096 250
1047 1048 412
1047 1097 755
1048 1049 329
1048 1098 364
1049 1050 725
1049 1099 972
1050 1100 230
1051 1052 566
1051 1101 436
1052 1053 594
1052 1102 682
1053 1054 596
1053 1103 340
1054 1055 488
1054 1104 169
1055 1056 266
1055 1105 623
1056 1057 172
1056 1106 459
1057 1058 552
1057 1107 351
1058 1059 433
1058 1108 521
1059 1060 717
1059 1109 690
1060 1061 641
1060 1110 367
1061 1062 810
1061 1111 552
1062 1063 712
1062 1112 890
1063 1064 928
1063 1113 919
1064 1065 645
1064 1114 795
1065 1066 453
1065 1115 921
1066 1067 66
1066 1116 388
1067 1068 322
1067 1117 659
1068 1069 935
1068 1118 147
1069 1070 553
1069 1119 113
1070 1071 305
1070 1120 245
1071 1072 694
1071 1121 105
1072 1073 377
1072 1122 565
1073 1074 203
1073 1123 45
1074 1075 642
1074 1124 813
1075 1076 96
1075 1125 685
1076 1077 299
1076 1126 684
1077 1078 114
1077 1127 180
1078 1079 886
1078 1128 136
1079 1080 675
1079 1129 410
1080 1081 919
1080 1130 406
1081 1082 307
1081 1131 2
1082 1083 113
1082 1132 80
1083 1084 838
1083 1133 540
1084 1085 958
1084 1134 526
1085 1086 510
1085 1135 190
1086 1087 606
1086 1136 392
1087 1088 43
1087 1137 734
1088 1089 650
1088 1138 395
1089 1090 431
1089 1139 588
1090 1091 784
1090 1140 490
1091 1092 766
1091 1141 142
1092 1093 10
1092 1142 895
1093 1094 118
1093 1143 803
1094 1095 179
1094 1144 946
1095 1096 348
1095 1145 900
1096 1097 417
1096 1146 905
1097 1098 728
1097 1147 64
1098 1099 409
1098 1148 305
1099 1100 449
1099 1149 263
1100 1150 71
1101 1102 860
1101 1151 772
1102 1103 314
1102 1152 117
1103 1104 851
1103 1153 321
1104 1105 288
1104 1154 622
1105 1106 245
1105 1155 774
1106 1107 796
1106 1156 212
1107 1108 993
1107 1157 528
1108 1109 317
1108 1158 591
1109 1110 281
1109 1159 551
1110 1111 198
1110 1160 686
1111 1112 456
1111 1161 34
1112 1113 391
1112 1162 331
1113 1114 909
1113 1163 291
1114 1115 571
1114 1164 290
1115 1116 248
1115 1165 652
1116 1117 229
1116 1166 266
1117 1118 596
1117 1167 954
1118 1119 60
1118 1168 71
1119 1120 653
1119 1169 928
1120 1121 990
1120 1170 279
1121 1122 284
1121 1171 847
1122 1123 12
1122 1172 708
1123 1124 89
1123 1173 341
1124 1125 218
1124 1174 977
1125 1126 457
1125 1175 684
1126 1127 507
1126 1176 241
1127 1128 57
1127 1177 213
1128 1129 98
1128 1178 436
1129 1130 673
1129 1179 116
1130 1131 820
1130 1180 59
1131 1132 420
1131 1181 942
1132 1133 284
1132 1182 886
1133 1134 55
1133 1183 752
1134 1135 302
1134 1184 436
1135 1136 783
1135 1185 193
1136 1137 280
1136 1186 259
1137 1138 392
1137 1187 811
1138 1139 950
1138 1188 96
1139 1140 500
1139 1189 862
1140 1141 70
1140 1190 994
1141 1142 216
1141 1191 101
1142 1143 171
1142 1192 178
1143 1144 165
1143 1193 61
1144 1145 222
1144 1194 933
1145 1146 862
1145 1195 404
1146 1147 169
1146 1196 293
1147 1148 358
1147 1197 135
1148 1149 493
1148 1198 701
1149 1150 732
1149 1199 638
1150 1200 583
1151 1152 684
1151 1201 857
1152 1153 603
1152 1202 815
1153 1154 787
1153 1203 16
1154 1155 369
1154 1204 921
1155 1156 938
1155 1205 271
1156 1157 209
1156 1206 311
1157 1158 512
1157 1207 758
1158 1159 163
1158 1208 463
1159 1160 338
1159 1209 222
1160 1161 683
1160 1210 105
1161 1162 838
1161 1211 548
1162 1163 898
1162 1212 116
1163 1164 768
1163 1213 317
1164 1165 815
1164 1214 905
1165 1166 293
1165 1215 764
1166 1167 397
1166 1216 439
1167 1168 486
1167 1217 674
1168 1169 647
1168 1218 697
1169 1170 207
1169 1219 85
1170 1171 305
1170 1220 301
1171 1172 761
1171 1221 476
1172 1173 360
1172 1222 527
1173 1174 364
1173 1223 618
1174 1175 845
1174 1224 21
1175 1176 297
1175 1225 458
1176 1177 110
1176 1226 844
1177 1178 591
1177 1227 210
1178 1179 118
1178 1228 683
1179 1180 532
1179 1229 418
1180 1181 959
1180 1230 246
1181 1182 135
1181 1231 926
1182 1183 892
1182 1232 310
1183 1184 323
1183 1233 594
1184 1185 899
1184 1234 783
1185 1186 751
1185 1235 630
1186 1187 179
1186 1236 298
1187 1188 364
1187 1237 443
1188 1189 291
1188 1238 356
1189 1190 430
1189 1239 581
1190 1191 363
1190 1240 783
1191 1192 367
1191 1241 361
1192 1193 303
1192 1242 519
1193 1194 448
1193 1243 432
1194 1195 201
1194 1244 264
1195 1196 369
1195 1245 964
1196 1197 470
1196 1246 462
1197 1198 51
1197 1247 403
1198 1199 228
1198 1248 932
1199 1200 340
1199 1249 2
1200 1250 937
1201 1202 305
1201 1251 466
1202 1203 324
1202 1252 632
1203 1204 489
1203 1253 516
1204 1205 755
1204 1254 368
1205 1206 584
1205 1255 710
1206 1207 230
1206 1256 782
1207 1208 52
1207 1257 595
1208 1209 444
1208 1258 380
1209 1210 123
1209 1259 784
1210 1211 511
1210 1260 522
1211 1212 81
1211 1261 798
1212 1213 589
1212 1262 716
1213 1214 479
1213 1263 520
1214 1215 19
1214 1264 891
1215 1216 410
1215 1265 254
1216 1217 538
1216 1266 497
1217 1218 552
1217 1267 594
1218 1219 247
1218 1268 79
1219 1220 976
1219 1269 489
1220 1221 789
1220 1270 657
1221 1222 745
1221 1271 627
1222 1223 630
1222 1272 941
1223 1224 963
1223 1273 302
1224 1225 242
1224 1274 695
1225 1226 630
1225 1275 400
1226 1227 311
1226 1276 305
1227 1228 192
1227 1277 845
1228 1229 178
1228 1278 689
1229 1230 907
1229 1279 840
1230 1231 5
1230 1280 612
1231 1232 142
1231 1281 452
1232 1233 633
1232 1282 705
1233 1234 722
1233 1283 421
1234 1235 654
1234 1284 17
1235 1236 1000
1235 1285 58
1236 1237 713
1236 1286 150
1237 1238 289
1237 1287 423
1238 1239 948
1238 1288 760
1239 1240 718
1239 1289 9
1240 1241 84
1240 1290 992
1241 1242 1
1241 1291 144
1242 1243 176
1242 1292 551
1243 1244 252
1243 1293 500
1244 1245 877
1244 1294 614
1245 1246 337
1245 1295 193
1246 1247 2
1246 1296 964
1247 1248 897
1247 1297 125
1248 1249 744
1248 1298 691
1249 1250 465
1249 1299 660
1250 1300 673
1251 1252 252
1251 1301 633
1252 1253 201
1252 1302 950
1253 1254 229
1253 1303 183
1254 1255 688
1254 1304 993
1255 1256 936
1255 1305 884
1256 1257 506
1256 1306 786
1257 1258 941
1257 1307 109
1258 1259 520
1258 1308 552
1259 1260 106
1259 1309 445
1260 1261 28
1260 1310 390
1261 1262 339
1261 1311 41
1262 1263 652
1262 1312 753
1263 1264 301
1263 1313 508
1264 1265 664
1264 1314 351
1265 1266 207
1265 1315 179
1266 1267 839
1266 1316 74
1267 1268 602
1267 1317 12
1268 1269 932
1268 1318 948
1269 1270 280
1269 1319 307
1270 1271 207
1270 1320 517
1271 1272 12
1271 1321 93
1272 1273 321
1272 1322 723
1273 1274 144
1273 1323 577
1274 1275 384
1274 1324 530
1275 1276 829
1275 1325 395
1276 1277 660
1276 1326 676
1277 1278 710
1277 1327 810
1278 1279 641
1278 1328 947
1279 1280 54
1279 1329 941
1280 1281 966
1280 1330 421
1281 1282 699
1281 1331 178
1282 1283 141
1282 1332 30
1283 1284 499
1283 1333 871
1284 1285 4
1284 1334 412
1285 1286 542
1285 1335 293
1286 1287 812
1286 1336 607
1287 1288 772
1287 1337 809
1288 1289 488
1288 1338 528
1289 1290 665
1289 1339 476
1290 1291 711
1290 1340 372
1291 1292 885
1291 1341 950
1292 1293 902
1292 1342 952
1293 1294 201
1293 1343 350
1294 1295 936
1294 1344 911
1295 1296 199
1295 1345 158
1296 1297 431
1296 1346 250
1297 1298 545
1297 1347 293
1298 1299 104
1298 1348 128
1299 1300 381
1299 1349 780
1300 1350 601
1301 1302 838
1301 1351 256
1302 1303 685
1302 1352 222
1303 1304 64
1303 1353 616
1304 1305 96
1304 1354 237
1305 1306 88
1305 1355 190
1306 1307 328
1306 1356 367
1307 1308 750
1307 1357 292
1308 1309 398
1308 1358 456
1309 1310 994
1309 1359 747
1310 1311 580
1310 1360 432
1311 1312 614
1311 1361 489
1312 1313 557
1312 1362 427
1313 1314 623
1313 1363 817
1314 1315 267
1314 1364 382
1315 1316 589
1315 1365 2
1316 1317 905
1316 1366 251
1317 1318 513
1317 1367 285
1318 1319 547
1318 1368 279
1319 1320 791
1319 1369 721
1320 1321 850
1320 1370 74
1321 1322 852
1321 1371 641
1322 1323 868
1322 1372 30
1323 1324 673
1323 1373 305
1324 1325 19
1324 1374 67
1325 1326 65
1325 1375 677
1326 1327 636
1326 1376 683
1327 1328 896
1327 1377 291
1328 1329 68
1328 1378 594
1329 1330 348
1329 1379 745
1330 1331 830
1330 1380 984
1331 1332 48
1331 1381 194
1332 1333 712
1332 1382 146
1333 1334 446
1333 1383 189
1334 1335 87
1334 1384 941
1335 1336 869
1335 1385 574
1336 1337 567
1336 1386 773
1337 1338 523
1337 1387 97
1338 1339 816
1338 1388 805
1339 1340 861
1339 1389 29
1340 1341 229
1340 1390 679
1341 1342 221
1341 1391 13
1342 1343 871
1342 1392 55
1343 1344 76
1343 1393 981
1344 1345 449
1344 1394 771
1345 1346 24
1345 1395 491
1346 1347 157
1346 1396 806
1347 1348 775
1347 1397 563
1348 1349 32
1348 1398 981
1349 1350 740
1349 1399 992
1350 1400 33
1351 1352 289
1351 1401 249
1352 1353 976
1352 1402 39
1353 1354 310
1353 1403 62
1354 1355 567
1354 1404 572
1355 1356 148
1355 1405 673
1356 1357 110
1356 1406 44
1357 1358 508
1357 1407 543
1358 1359 246
1358 1408 83
1359 1360 805
1359 1409 274
1360 1361 479
1360 1410 62
1361 1362 839
1361 1411 508
1362 1363 910
1362 1412 640
1363 1364 863
1363 1413 682
1364 1365 567
1364 1414 296
1365 1366 725
1365 1415 452
1366 1367 575
1366 1416 561
1367 1368 755
1367 1417 292
1368 1369 733
1368 1418 427
1369 1370 399
1369 1419 989
1370 1371 218
1370 1420 520
1371 1372 330
1371 1421 342
1372 1373 510
1372 1422 777
1373 1374 738
1373 1423 135
1374 1375 253
1374 1424 825
1375 1376 76
1375 1425 555
1376 1377 322
1376 1426 866
1377 1378 646
1377 1427 679
1378 1379 787
1378 1428 655
1379 1380 525
1379 1429 90
1380 1381 133
1380 1430 2
1381 1382 314
1381 1431 966
1382 1383 585
1382 1432 527
1383 1384 891
1383 1433 534
1384 1385 39
1384 1434 721
1385 1386 255
1385 1435 543
1386 1387 682
1386 1436 492
1387 1388 585
1387 1437 740
1388 1389 733
1388 1438 106
1389 1390 56
1389 1439 356
1390 1391 844
1390 1440 793
1391 1392 598
1391 1441 159
1392 1393 286
1392 1442 117
1393 1394 776
1393 1443 978
1394 1395 64
1394 1444 490
1395 1396 510
1395 1445 959
1396 1397 342
1396 1446 709
1397 1398 420
1397 1447 385
1398 1399 526
1398 1448 4
1399 1400 136
1399 1449 614
1400 1450 326
1401 1402 746
1401 1451 365
1402 1403 61
1402 1452 519
1403 1404 536
1403 1453 423
1404 1405 450
1404 1454 825
1405 1406 8
1405 1455 655
1406 1407 127
1406 1456 522
1407 1408 204
1407 1457 217
1408 1409 430
1408 1458 225
1409 1410 975
1409 1459 317
1410 1411 564
1410 1460 384
1411 1412 185
1411 1461 195
1412 1413 424
1412 1462 513
1413 1414 113
1413 1463 755
1414 1415 909
1414 1464 367
1415 1416 582
1415 1465 283
1416 1417 348
1416 1466 104
1417 1418 159
1417 1467 186
1418 1419 598
1418 1468 682
1419 1420 148
1419 1469 781
1420 1421 392
1420 1470 684
1421 1422 364
1421 1471 695
1422 1423 88
1422 1472 951
1423 1424 952
1423 1473 439
1424 1425 886
1424 1474 309
1425 1426 592
1425 1475 92
1426 1427 391
1426 1476 80
1427 1428 228
1427 1477 308
1428 1429 494
1428 1478 278
1429 1430 206
1429 1479 694
1430 1431 691
1430 1480 3
1431 1432 231
1431 1481 244
1432 1433 193
1432 1482 199
1433 1434 214
1433 1483 910
1434 1435 3
1434 1484 586
1435 1436 808
1435 1485 179
1436 1437 895
1436 1486 446
1437 1438 812
1437 1487 840
1438 1439 438
1438 1488 260
1439 1440 151
1439 1489 350
1440 1441 922
1440 1490 17
1441 1442 560
1441 1491 431
1442 1443 968
1442 1492 114
1443 1444 324
1443 1493 161
1444 1445 584
1444 1494 117
1445 1446 348
1445 1495 422
1446 1447 443
1446 1496 26
1447 1448 205
1447 1497 283
1448 1449 13
1448 1498 211
1449 1450 233
1449 1499 464
1450 1500 611
1451 1452 576
1451 1501 212
1452 1453 24
1452 1502 463
1453 1454 861
1453 1503 362
1454 1455 258
1454 1504 401
1455 1456 736
1455 1505 127
1456 1457 390
1456 1506 104
1457 1458 838
1457 1507 463
1458 1459 628
1458 1508 761
1459 1460 445
1459 1509 623
1460 1461 257
1460 1510 983
1461 1462 751
1461 1511 195
1462 1463 92
1462 1512 132
1463 1464 653
1463 1513 906
1464 1465 552
1464 1514 543
1465 1466 586
1465 1515 903
1466 1467 282
1466 1516 855
1467 1468 154
1467 1517 201
1468 1469 78
1468 1518 703
1469 1470 691
1469 1519 389
1470 1471 852
1470 1520 226
1471 1472 827
1471 1521 426
1472 1473 889
1472 1522 872
1473 1474 874
1473 1523 21
1474 1475 252
1474 1524 562
1475 1476 657
1475 1525 494
1476 1477 150
1476 1526 923
1477 1478 747
1477 1527 771
1478 1479 589
1478 1528 287
1479 1480 331
1479 1529 252
1480 1481 555
1480 1530 464
1481 1482 14
1481 1531 207
1482 1483 298
1482 1532 887
1483 1484 522
1483 1533 669
1484 1485 987
1484 1534 704
1485 1486 776
1485 1535 564
1486 1487 496
1486 1536 417
1487 1488 214
1487 1537 38
1488 1489 62
1488 1538 844
1489 1490 7
1489 1539 554
1490 1491 607
1490 1540 186
1491 1492 799
1491 1541 522
1492 1493 278
1492 1542 275
1493 1494 986
1493 1543 165
1494 1495 308
1494 1544 156
1495 1496 668
1495 1545 309
1496 1497 683
1496 1546 560
1497 1498 567
1497 1547 267
1498 1499 185
1498 1548 882
1499 1500 808
1499 1549 426
1500 1550 984
1501 1502 585
1501 1551 34
1502 1503 625
1502 1552 332
1503 1504 501
1503 1553 432
1504 1505 173
1504 1554 476
1505 1506 505
1505 1555 893
1506 1507 679
1506 1556 964
1507 1508 938
1507 1557 310
1508 1509 505
1508 1558 202
1509 1510 15
1509 1559 122
1510 1511 831
1510 1560 376
1511 1512 314
1511 1561 969
1512 1513 196
1512 1562 681
1513 1514 790
1513 1563 323
1514 1515 962
1514 1564 583
1515 1516 808
1515 1565 66
1516 1517 958
1516 1566 957
1517 1518 483
1517 1567 859
1518 1519 979
1518 1568 241
1519 1520 567
1519 1569 249
1520 1521 486
1520 1570 284
1521 1522 522
1521 1571 802
1522 1523 610
1522 1572 100
1523 1524 913
1523 1573 630
1524 1525 693
1524 1574 602
1525 1526 297
1525 1575 357
1526 1527 290
1526 1576 424
1527 1528 57
1527 1577 697
1528 1529 873
1528 1578 645
1529 1530 986
1529 1579 908
1530 1531 844
1530 1580 172
1531 1532 890
1531 1581 514
1532 1533 43
1532 1582 377
1533 1534 333
1533 1583 794
1534 1535 258
1534 1584 838
1535 1536 422
1535 1585 129
1536 1537 385
1536 1586 294
1537 1538 428
1537 1587 248
1538 1539 397
1538 1588 296
1539 1540 1000
1539 1589 288
1540 1541 549
1540 1590 277
1541 1542 214
1541 1591 507
1542 1543 127
1542 1592 285
1543 1544 242
1543 1593 12
1544 1545 124
1544 1594 327
1545 1546 157
1545 1595 25
1546 1547 225
1546 1596 64
1547 1548 912
1547 1597 600
1548 1549 599
1548 1598 606
1549 1550 784
1549 1599 624
1550 1600 534
1551 1552 477
1551 1601 667
1552 1553 393
1552 1602 422
1553 1554 666
1553 1603 170
1554 1555 359
1554 1604 454
1555 1556 798
1555 1605 343
1556 1557 579
1556 1606 984
1557 1558 381
1557 1607 665
1558 1559 626
1558 1608 60
1559 1560 367
1559 1609 749
1560 1561 466
1560 1610 645
1561 1562 295
1561 1611 719
1562 1563 691
1562 1612 89
1563 1564 410
1563 1613 378
1564 1565 394
1564 1614 300
1565 1566 354
1565 1615 124
1566 1567 212
1566 1616 407
1567 1568 12
1567 1617 461
1568 1569 128
1568 1618 205
1569 1570 447
1569 1619 98
1570 1571 37
1570 1620 495
1571 1572 894
1571 1621 341
1572 1573 655
1572 1622 664
1573 1574 952
1573 1623 559
1574 1575 852
1574 1624 107
1575 1576 974
1575 1625 713
1576 1577 844
1576 1626 812
1577 1578 540
1577 1627 423
1578 1579 928
1578 1628 412
1579 1580 331
1579 1629 350
1580 1581 666
1580 1630 497
1581 1582 990
1581 1631 744
1582 1583 198
1582 1632 309
1583 1584 36
1583 1633 453
1584 1585 279
1584 1634 950
1585 1586 270
1585 1635 972
1586 1587 964
1586 1636 830
1587 1588 74
1587 1637 955
1588 1589 133
1588 1638 164
1589 1590 383
1589 1639 843
1590 1591 633
1590 1640 651
1591 1592 449
1591 1641 527
1592 1593 321
1592 1642 521
1593 1594 407
1593 1643 734
1594 1595 379
1594 1644 306
1595 1596 451
1595 1645 919
1596 1597 879
1596 1646 526
1597 1598 930
1597 1647 749
1598 1599 838
1598 1648 40
1599 1600 645
1599 1649 547
1600 1650 253
1601 1602 393
1601 1651 655
1602 1603 657
1602 1652 436
1603 1604 373
1603 1653 561
1604 1605 632
1604 1654 323
1605 1606 44
1605 1655 186
1606 1607 939
1606 1656 959
1607 1608 371
1607 1657 410
1608 1609 910
1608 1658 538
1609 1610 580
1609 1659 56
1610 1611 755
1610 1660 457
1611 1612 483
1611 1661 130
1612 1613 659
1612 1662 426
1613 1614 403
1613 1663 14
1614 1615 346
1614 1664 397
1615 1616 465
1615 1665 671
1616 1617 974
1616 1666 154
1617 1618 718
1617 1667 474
1618 1619 193
1618 1668 987
1619 1620 331
1619 1669 850
1620 1621 381
1620 1670 932
1621 1622 848
1621 1671 224
1622 1623 143
1622 1672 136
1623 1624 317
1623 1673 903
1624 1625 71
1624 1674 526
1625 1626 549
1625 1675 71
1626 1627 463
1626 1676 356
1627 1628 720
1627 1677 232
1628 1629 474
1628 1678 858
1629 1630 664
1629 1679 434
1630 1631 920
1630 1680 682
1631 1632 278
1631 1681 914
1632 1633 687
1632 1682 246
1633 1634 93
1633 1683 255
1634 1635 795
1634 1684 771
1635 1636 47
1635 1685 174
1636 1637 697
1636 1686 125
1637 1638 264
1637 1687 787
1638 1639 392
1638 1688 779
1639 1640 600
1639 1689 481
1640 1641 242
1640 1690 13
1641 1642 668
1641 1691 388
1642 1643 474
1642 1692 883
1643 1644 855
1643 1693 588
1644 1645 757
1644 1694 655
1645 1646 757
1645 1695 733
1646 1647 958
1646 1696 581
1647 1648 544
1647 1697 445
1648 1649 197
1648 1698 186
1649 1650 599
1649 1699 574
1650 1700 16
1651 1652 179
1651 1701 931
1652 1653 733
1652 1702 869
1653 1654 464
1653 1703 500
1654 1655 209
1654 1704 798
1655 1656 513
1655 1705 932
1656 1657 504
1656 1706 910
1657 1658 655
1657 1707 394
1658 1659 294
1658 1708 115
1659 1660 86
1659 1709 97
1660 1661 304
1660 1710 924
1661 1662 761
1661 1711 346
1662 1663 344
1662 1712 661
1663 1664 295
1663 1713 624
1664 1665 73
1664 1714 273
1665 1666 397
1665 1715 298
1666 1667 198
1666 1716 119
1667 1668 988
1667 1717 454
1668 1669 998
1668 1718 208
1669 1670 740
1669 1719 980
1670 1671 483
1670 1720 576
1671 1672 577
1671 1721 625
1672 1673 227
1672 1722 659
1673 1674 805
1673 1723 165
1674 1675 735
1674 1724 50
1675 1676 630
1675 1725 255
1676 1677 682
1676 1726 414
1677 1678 513
1677 1727 543
1678 1679 51
1678 1728 565
1679 1680 799
1679 1729 476
1680 1681 111
1680 1730 706
1681 1682 391
1681 1731 8
1682 1683 480
1682 1732 473
1683 1684 445
1683 1733 456
1684 1685 179
1684 1734 51
1685 1686 137
1685 1735 40
1686 1687 185
1686 1736 119
1687 1688 987
1687 1737 55
1688 1689 948
1688 1738 490
1689 1690 974
1689 1739 871
1690 1691 469
1690 1740 353
1691 1692 418
1691 1741 431
1692 1693 835
1692 1742 692
1693 1694 710
1693 1743 748
1694 1695 526
1694 1744 149
1695 1696 149
1695 1745 662
1696 1697 68
1696 1746 545
1697 1698 913
1697 1747 919
1698 1699 356
1698 1748 622
1699 1700 414
1699 1749 609
1700 1750 450
1701 1702 990
1701 1751 1000
1702 1703 768
1702 1752 315
1703 1704 226
1703 1753 71
1704 1705 430
1704 1754 233
1705 1706 267
1705 1755 602
1706 1707 78
1706 1756 913
1707 1708 269
1707 1757 970
1708 1709 331
1708 1758 538
1709 1710 782
1709 1759 777
1710 1711 202
1710 1760 25
1711 1712 533
1711 1761 946
1712 1713 804
1712 1762 499
1713 1714 934
1713 1763 634
1714 1715 513
1714 1764 186
1715 1716 981
1715 1765 767
1716 1717 418
1716 1766 260
1717 1718 408
1717 1767 904
1718 1719 933
1718 1768 688
1719 1720 338
1719 1769 702
1720 1721 558
1720 1770 83
1721 1722 342
1721 1771 826
1722 1723 876
1722 1772 834
1723 1724 921
1723 1773 583
1724 1725 490
1724 1774 377
1725 1726 659
1725 1775 904
1726 1727 967
1726 1776 459
1727 1728 710
1727 1777 333
1728 1729 896
1728 1778 923
1729 1730 432
1729 1779 386
1730 1731 716
1730 1780 914
1731 1732 142
1731 1781 225
1732 1733 681
1732 1782 25
1733 1734 714
1733 1783 586
1734 1735 285
1734 1784 10
1735 1736 767
1735 1785 295
1736 1737 311
1736 1786 538
1737 1738 89
1737 1787 709
1738 1739 495
1738 1788 354
1739 1740 834
1739 1789 864
1740 1741 811
1740 1790 902
1741 1742 627
1741 1791 373
1742 1743 252
1742 1792 325
1743 1744 616
1743 1793 534
1744 1745 225
1744 1794 595
1745 1746 463
1745 1795 698
1746 1747 602
1746 1796 371
1747 1748 570
1747 1797 51
1748 1749 871
1748 1798 433
1749 1750 571
1749 1799 172
1750 1800 794
1751 1752 103
1751 1801 536
1752 1753 115
1752 1802 698
1753 1754 838
1753 1803 143
1754 1755 707
1754 1804 457
1755 1756 247
1755 1805 947
1756 1757 197
1756 1806 496
1757 1758 866
1757 1807 15
1758 1759 696
1758 1808 482
1759 1760 7
1759 1809 522
1760 1761 318
1760 1810 447
1761 1762 44
1761 1811 173
1762 1763 25
1762 1812 298
1763 1764 743
1763 1813 905
1764 1765 286
1764 1814 220
1765 1766 139
1765 1815 204
1766 1767 792
1766 1816 874
1767 1768 144
1767 1817 237
1768 1769 200
1768 1818 253
1769 1770 494
1769 1819 694
1770 1771 276
1770 1820 657
1771 1772 106
1771 1821 834
1772 1773 46
1772 1822 344
1773 1774 597
1773 1823 639
1774 1775 311
1774 1824 63
1775 1776 9
1775 1825 413
1776 1777 996
1776 1826 513
1777 1778 998
1777 1827 495
1778 1779 983
1778 1828 75
1779 1780 332
1779 1829 658
1780 1781 48
1780 1830 561
1781 1782 537
1781 1831 556
1782 1783 198
1782 1832 391
1783 1784 429
1783 1833 407
1784 1785 136
1784 1834 649
1785 1786 524
1785 1835 190
1786 1787 729
1786 1836 279
1787 1788 715
1787 1837 711
1788 1789 956
1788 1838 755
1789 1790 855
1789 1839 874
1790 1791 820
1790 1840 621
1791 1792 651
1791 1841 377
1792 1793 424
1792 1842 281
1793 1794 225
1793 1843 160
1794 1795 653
1794 1844 191
1795 1796 795
1795 1845 750
1796 1797 3
1796 1846 92
1797 1798 289
1797 1847 900
1798 1799 836
1798 1848 191
1799 1800 141
1799 1849 990
1800 1850 819
1801 1802 87
1801 1851 374
1802 1803 336
1802 1852 610
1803 1804 419
1803 1853 138
1804 1805 436
1804 1854 478
1805 1806 193
1805 1855 672
1806 1807 585
1806 1856 519
1807 1808 459
1807 1857 212
1808 1809 677
1808 1858 306
1809 1810 366
1809 1859 692
1810 1811 382
1810 1860 505
1811 1812 885
1811 1861 675
1812 1813 277
1812 1862 895
1813 1814 79
1813 1863 796
1814 1815 228
1814 1864 84
1815 1816 340
1815 1865 818
1816 1817 801
1816 1866 223
1817 1818 901
1817 1867 69
1818 1819 396
1818 1868 621
1819 1820 388
1819 1869 95
1820 1821 574
1820 1870 245
1821 1822 954
1821 1871 279
1822 1823 195
1822 1872 862
1823 1824 864
1823 1873 254
1824 1825 449
1824 1874 123
1825 1826 288
1825 1875 872
1826 1827 169
1826 1876 478
1827 1828 541
1827 1877 406
1828 1829 437
1828 1878 474
1829 1830 384
1829 1879 658
1830 1831 91
1830 1880 13
1831 1832 581
1831 1881 114
1832 1833 833
1832 1882 102
1833 1834 493
1833 1883 64
1834 1835 121
1834 1884 396
1835 1836 485
1835 1885 961
1836 1837 495
1836 1886 432
1837 1838 470
1837 1887 949
1838 1839 617
1838 1888 3
1839 1840 806
1839 1889 991
1840 1841 774
1840 1890 666
1841 1842 328
1841 1891 742
1842 1843 786
1842 1892 897
1843 1844 599
1843 1893 466
1844 1845 841
1844 1894 342
1845 1846 401
1845 1895 514
1846 1847 834
1846 1896 856
1847 1848 874
1847 1897 38
1848 1849 182
1848 1898 520
1849 1850 861
1849 1899 321
1850 1900 56
1851 1852 494
1851 1901 451
1852 1853 929
1852 1902 47
1853 1854 527
1853 1903 165
1854 1855 922
1854 1904 554
1855 1856 789
1855 1905 772
1856 1857 528
1856 1906 68
1857 1858 504
1857 1907 436
1858 1859 12
1858 1908 825
1859 1860 556
1859 1909 107
1860 1861 296
1860 1910 39
1861 1862 875
1861 1911 960
1862 1863 974
1862 1912 752
1863 1864 772
1863 1913 930
1864 1865 486
1864 1914 655
1865 1866 851
1865 1915 71
1866 1867 70
1866 1916 768
1867 1868 171
1867 1917 247
1868 1869 312
1868 1918 182
1869 1870 330
1869 1919 671
1870 1871 174
1870 1920 503
1871 1872 693
1871 1921 162
1872 1873 785
1872 1922 690
1873 1874 819
1873 1923 325
1874 1875 898
1874 1924 829
1875 1876 174
1875 1925 170
1876 1877 848
1876 1926 920
1877 1878 527
1877 1927 887
1878 1879 916
1878 1928 238
1879 1880 385
1879 1929 375
1880 1881 473
1880 1930 396
1881 1882 17
1881 1931 554
1882 1883 977
1882 1932 850
1883 1884 844
1883 1933 513
1884 1885 539
1884 1934 259
1885 1886 418
1885 1935 845
1886 1887 953
1886 1936 448
1887 1888 186
1887 1937 824
1888 1889 337
1888 1938 641
1889 1890 38
1889 1939 75
1890 1891 586
1890 1940 902
1891 1892 631
1891 1941 266
1892 1893 802
1892 1942 779
1893 1894 532
1893 1943 373
1894 1895 421
1894 1944 171
1895 1896 176
1895 1945 816
1896 1897 601
1896 1946 726
1897 1898 249
1897 1947 38
1898 1899 744
1898 1948 918
1899 1900 856
1899 1949 409
1900 1950 701
1901 1902 814
1901 1951 446
1902 1903 677
1902 1952 474
1903 1904 164
1903 1953 132
1904 1905 894
1904 1954 882
1905 1906 793
1905 1955 430
1906 1907 135
1906 1956 762
1907 1908 174
1907 1957 736
1908 1909 164
1908 1958 118
1909 1910 625
1909 1959 969
1910 1911 978
1910 1960 841
1911 1912 456
1911 1961 391
1912 1913 77
1912 1962 124
1913 1914 373
1913 1963 324
1914 1915 619
1914 1964 811
1915 1916 75
1915 1965 16
1916 1917 240
1916 1966 469
1917 1918 488
1917 1967 614
1918 1919 760
1918 1968 459
1919 1920 220
1919 1969 555
1920 1921 116
1920 1970 930
1921 1922 729
1921 1971 45
1922 1923 479
1922 1972 852
1923 1924 794
1923 1973 760
1924 1925 777
1924 1974 643
1925 1926 33
1925 1975 159
1926 1927 790
1926 1976 264
1927 1928 788
1927 1977 672
1928 1929 431
1928 1978 883
1929 1930 936
1929 1979 329
1930 1931 457
1930 1980 124
1931 1932 521
1931 1981 522
1932 1933 828
1932 1982 98
1933 1934 97
1933 1983 203
1934 1935 519
1934 1984 594
1935 1936 903
1935 1985 944
1936 1937 290
1936 1986 418
1937 1938 833
1937 1987 10
1938 1939 453
1938 1988 782
1939 1940 173
1939 1989 599
1940 1941 535
1940 1990 882
1941 1942 292
1941 1991 37
1942 1943 33
1942 1992 745
1943 1944 352
1943 1993 51
1944 1945 364
1944 1994 374
1945 1946 960
1945 1995 432
1946 1947 312
1946 1996 57
1947 1948 410
1947 1997 504
1948 1949 678
1948 1998 37
1949 1950 96
1949 1999 268
1950 2000 905
1951 1952 840
1951 2001 62
1952 1953 714
1952 2002 360
1953 1954 634
1953 2003 738
1954 1955 229
1954 2004 999
1955 1956 985
1955 2005 509
1956 1957 150
1956 2006 551
1957 1958 923
1957 2007 25
1958 1959 315
1958 2008 995
1959 1960 614
1959 2009 660
1960 1961 791
1960 2010 581
1961 1962 445
1961 2011 324
1962 1963 809
1962 2012 544
1963 1964 564
1963 2013 451
1964 1965 554
1964 2014 743
1965 1966 550
1965 2015 582
1966 1967 409
1966 2016 541
1967 1968 124
1967 2017 568
1968 1969 442
1968 2018 23
1969 1970 985
1969 2019 180
1970 1971 455
1970 2020 591
1971 1972 92
1971 2021 26
1972 1973 164
1972 2022 618
1973 1974 974
1973 2023 801
1974 1975 17
1974 2024 796
1975 1976 701
1975 2025 943
1976 1977 84
1976 2026 466
1977 1978 527
1977 2027 621
1978 1979 717
1978 2028 809
1979 1980 27
1979 2029 383
1980 1981 422
1980 2030 726
1981 1982 789
1981 2031 594
1982 1983 307
1982 2032 813
1983 1984 648
1983 2033 86
1984 1985 630
1984 2034 653
1985 1986 465
1985 2035 766
1986 1987 215
1986 2036 603
1987 1988 777
1987 2037 205
1988 1989 625
1988 2038 815
1989 1990 595
1989 2039 828
1990 1991 944
1990 2040 388
1991 1992 39
1991 2041 226
1992 1993 514
1992 2042 692
1993 1994 710
1993 2043 779
1994 1995 723
1994 2044 131
1995 1996 335
1995 2045 195
1996 1997 790
1996 2046 10
1997 1998 257
1997 2047 741
1998 1999 953
1998 2048 7
1999 2000 578
1999 2049 999
2000 2050 248
2001 2002 843
2001 2051 720
2002 2003 817
2002 2052 813
2003 2004 709
2003 2053 142
2004 2005 550
2004 2054 678
2005 2006 365
2005 2055 1
2006 2007 953
2006 2056 511
2007 2008 91
2007 2057 931
2008 2009 92
2008 2058 362
2009 2010 537
2009 2059 432
2010 2011 437
2010 2060 172
2011 2012 598
2011 2061 647
2012 2013 674
2012 2062 498
2013 2014 197
2013 2063 579
2014 2015 110
2014 2064 115
2015 2016 941
2015 2065 819
2016 2017 252
2016 2066 424
2017 2018 938
2017 2067 751
2018 2019 220
2018 2068 169
2019 2020 180
2019 2069 868
2020 2021 356
2020 2070 394
2021 2022 478
2021 2071 761
2022 2023 433
2022 2072 374
2023 2024 522
2023 2073 651
2024 2025 310
2024 2074 371
2025 2026 803
2025 2075 254
2026 2027 339
2026 2076 254
2027 2028 667
2027 2077 325
2028 2029 858
2028 2078 616
2029 2030 102
2029 2079 500
2030 2031 126
2030 2080 642
2031 2032 798
2031 2081 547
2032 2033 813
2032 2082 444
2033 2034 425
2033 2083 678
2034 2035 344
2034 2084 980
2035 2036 352
2035 2085 299
2036 2037 712
2036 2086 541
2037 2038 577
2037 2087 27
2038 2039 163
2038 2088 38
2039 2040 895
2039 2089 741
2040 2041 279
2040 2090 909
2041 2042 272
2041 2091 856
2042 2043 638
2042 2092 172
2043 2044 88
2043 2093 231
2044 2045 579
2044 2094 610
2045 2046 757
2045 2095 650
2046 2047 157
2046 2096 157
2047 2048 362
2047 2097 906
2048 2049 673
2048 2098 294
2049 2050 311
2049 2099 740
2050 2100 660
2051 2052 717
2051 2101 697
2052 2053 819
2052 2102 657
2053 2054 48
2053 2103 534
2054 2055 375
2054 2104 448
2055 2056 550
2055 2105 28
2056 2057 482
2056 2106 352
2057 2058 577
2057 2107 642
2058 2059 37
2058 2108 126
2059 2060 203
2059 2109 983
2060 2061 270
2060 2110 158
2061 2062 103
2061 2111 641
2062 2063 245
2062 2112 442
2063 2064 132
2063 2113 177
2064 2065 544
2064 2114 313
2065 2066 654
2065 2115 286
2066 2067 531
2066 2116 281
2067 2068 469
2067 2117 447
2068 2069 11
2068 2118 560
2069 2070 538
2069 2119 205
2070 2071 197
2070 2120 463
2071 2072 502
2071 2121 799
2072 2073 122
2072 2122 905
2073 2074 598
2073 2123 592
2074 2075 951
2074 2124 538
2075 2076 941
2075 2125 534
2076 2077 10
2076 2126 11
2077 2078 720
2077 2127 684
2078 2079 623
2078 2128 629
2079 2080 47
2079 2129 227
2080 2081 844
2080 2130 540
2081 2082 594
2081 2131 485
2082 2083 529
2082 2132 495
2083 2084 563
2083 2133 274
2084 2085 269
2084 2134 581
2085 2086 27
2085 2135 126
2086 2087 773
2086 2136 97
2087 2088 799
2087 2137 458
2088 2089 181
2088 2138 641
2089 2090 428
2089 2139 481
2090 2091 636
2090 2140 179
2091 2092 520
2091 2141 295
2092 2093 59
2092 2142 737
2093 2094 940
2093 2143 333
2094 2095 774
2094 2144 8
2095 2096 231
2095 2145 24
2096 2097 927
2096 2146 651
2097 2098 652
2097 2147 563
2098 2099 567
2098 2148 229
2099 2100 175
2099 2149 74
2100 2150 415
2101 2102 831
2101 2151 531
2102 2103 585
2102 2152 270
2103 2104 38
2103 2153 888
2104 2105 547
2104 2154 915
2105 2106 216
2105 2155 915
2106 2107 191
2106 2156 485
2107 2108 601
2107 2157 623
2108 2109 344
2108 2158 761
2109 2110 33
2109 2159 707
2110 2111 413
2110 2160 276
2111 2112 272
2111 2161 19
2112 2113 144
2112 2162 417
2113 2114 966
2113 2163 291
2114 2115 322
2114 2164 365
2115 2116 52
2115 2165 25
2116 2117 647
2116 2166 778
2117 2118 286
2117 2167 923
2118 2119 782
2118 2168 441
2119 2120 221
2119 2169 297
2120 2121 212
2120 2170 779
2121 2122 616
2121 2171 372
2122 2123 281
2122 2172 242
2123 2124 155
2123 2173 239
2124 2125 667
2124 2174 195
2125 2126 315
2125 2175 125
2126 2127 34
2126 2176 55
2127 2128 760
2127 2177 828
2128 2129 68
2128 2178 674
2129 2130 828
2129 2179 136
2130 2131 545
2130 2180 227
2131 2132 939
2131 2181 146
2132 2133 857
2132 2182 190
2133 2134 339
2133 2183 306
2134 2135 669
2134 2184 926
2135 2136 150
2135 2185 99
2136 2137 964
2136 2186 39
2137 2138 78
2137 2187 502
2138 2139 991
2138 2188 74
2139 2140 905
2139 2189 442
2140 2141 543
2140 2190 946
2141 2142 557
2141 2191 531
2142 2143 221
2142 2192 928
2143 2144 214
2143 2193 152
2144 2145 34
2144 2194 562
2145 2146 141
2145 2195 738
2146 2147 768
2146 2196 345
2147 2148 507
2147 2197 577
2148 2149 937
2148 2198 986
2149 2150 14
2149 2199 177
2150 2200 878
2151 2152 717
2151 2201 43
2152 2153 141
2152 2202 843
2153 2154 157
2153 2203 869
2154 2155 474
2154 2204 313
2155 2156 199
2155 2205 556
2156 2157 312
2156 2206 84
2157 2158 566
2157 2207 994
2158 2159 884
2158 2208 750
2159 2160 598
2159 2209 18
2160 2161 729
2160 2210 955
2161 2162 912
2161 2211 298
2162 2163 345
2162 2212 903
2163 2164 262
2163 2213 11
2164 2165 510
2164 2214 645
2165 2166 472
2165 2215 54
2166 2167 494
2166 2216 258
2167 2168 925
2167 2217 985
2168 2169 119
2168 2218 24
2169 2170 101
2169 2219 507
2170 2171 847
2170 2220 455
2171 2172 487
2171 2221 684
2172 2173 775
2172 2222 1
2173 2174 879
2173 2223 880
2174 2175 840
2174 2224 541
2175 2176 123
2175 2225 965
2176 2177 679
2176 2226 736
2177 2178 829
2177 2227 947
2178 2179 133
2178 2228 150
2179 2180 179
2179 2229 652
2180 2181 74
2180 2230 110
2181 2182 454
2181 2231 692
2182 2183 379
2182 2232 407
2183 2184 552
2183 2233 939
2184 2185 274
2184 2234 749
2185 2186 577
2185 2235 304
2186 2187 413
2186 2236 305
2187 2188 931
2187 2237 40
2188 2189 537
2188 2238 608
2189 2190 677
2189 2239 496
2190 2191 984
2190 2240 803
2191 2192 141
2191 2241 487
2192 2193 360
2192 2242 183
2193 2194 386
2193 2243 63
2194 2195 207
2194 2244 389
2195 2196 880
2195 2245 965
2196 2197 548
2196 2246 829
2197 2198 477
2197 2247 23
2198 2199 880
2198 2248 838
2199 2200 948
2199 2249 807
2200 2250 620
2201 2202 89
2201 2251 792
2202 2203 597
2202 2252 588
2203 2204 967
2203 2253 875
2204 2205 249
2204 2254 613
2205 2206 512
2205 2255 255
2206 2207 913
2206 2256 595
2207 2208 654
2207 2257 717
2208 2209 423
2208 2258 214
2209 2210 402
2209 2259 156
2210 2211 343
2210 2260 598
2211 2212 949
2211 2261 269
2212 2213 664
2212 2262 453
2213 2214 56
2213 2263 821
2214 2215 328
2214 2264 971
2215 2216 280
2215 2265 50
2216 2217 365
2216 2266 256
2217 2218 948
2217 2267 457
2218 2219 746
2218 2268 253
2219 2220 530
2219 2269 783
2220 2221 878
2220 2270 332
2221 2222 690
2221 2271 646
2222 2223 459
2222 2272 113
2223 2224 200
2223 2273 731
2224 2225 486
2224 2274 993
2225 2226 631
2225 2275 454
2226 2227 274
2226 2276 266
2227 2228 908
2227 2277 370
2228 2229 634
2228 2278 155
2229 2230 721
2229 2279 37
2230 2231 447
2230 2280 326
2231 2232 443
2231 2281 986
2232 2233 798
2232 2282 819
2233 2234 367
2233 2283 485
2234 2235 366
2234 2284 215
2235 2236 760
2235 2285 6
2236 2237 832
2236 2286 564
2237 2238 716
2237 2287 386
2238 2239 488
2238 2288 675
2239 2240 991
2239 2289 951
2240 2241 563
2240 2290 991
2241 2242 872
2241 2291 327
2242 2243 137
2242 2292 100
2243 2244 259
2243 2293 326
2244 2245 869
2244 2294 800
2245 2246 511
2245 2295 879
2246 2247 779
2246 2296 545
2247 2248 489
2247 2297 931
2248 2249 930
2248 2298 31
2249 2250 144
2249 2299 292
2250 2300 634
2251 2252 443
2251 2301 178
2252 2253 714
2252 2302 959
2253 2254 263
2253 2303 695
2254 2255 747
2254 2304 606
2255 2256 576
2255 2305 29
2256 2257 264
2256 2306 951
2257 2258 50
2257 2307 796
2258 2259 94
2258 2308 236
2259 2260 915
2259 2309 979
2260 2261 634
2260 2310 537
2261 2262 611
2261 2311 249
2262 2263 137
2262 2312 445
2263 2264 386
2263 2313 793
2264 2265 719
2264 2314 992
2265 2266 387
2265 2315 448
2266 2267 334
2266 2316 445
2267 2268 367
2267 2317 217
2268 2269 497
2268 2318 514
2269 2270 157
2269 2319 867
2270 2271 969
2270 2320 981
2271 2272 40
2271 2321 65
2272 2273 448
2272 2322 49
2273 2274 89
2273 2323 602
2274 2275 276
2274 2324 594
2275 2276 224
2275 2325 26
2276 2277 446
2276 2326 445
2277 2278 357
2277 2327 825
2278 2279 804
2278 2328 588
2279 2280 307
2279 2329 178
2280 2281 764
2280 2330 857
2281 2282 927
2281 2331 583
2282 2283 266
2282 2332 24
2283 2284 45
2283 2333 59
2284 2285 764
2284 2334 89
2285 2286 517
2285 2335 536
2286 2287 100
2286 2336 38
2287 2288 756
2287 2337 531
2288 2289 861
2288 2338 202
2289 2290 573
2289 2339 324
2290 2291 433
2290 2340 331
2291 2292 697
2291 2341 274
2292 2293 730
2292 2342 274
2293 2294 581
2293 2343 958
2294 2295 376
2294 2344 681
2295 2296 923
2295 2345 454
2296 2297 907
2296 2346 804
2297 2298 308
2297 2347 846
2298 2299 482
2298 2348 82
2299 2300 533
2299 2349 338
2300 2350 115
2301 2302 221
2301 2351 463
2302 2303 607
2302 2352 83
2303 2304 456
2303 2353 571
2304 2305 74
2304 2354 216
2305 2306 858
2305 2355 509
2306 2307 129
2306 2356 557
2307 2308 289
2307 2357 936
2308 2309 113
2308 2358 110
2309 2310 416
2309 2359 675
2310 2311 736
2310 2360 621
2311 2312 147
2311 2361 83
2312 2313 876
2312 2362 36
2313 2314 754
2313 2363 657
2314 2315 435
2314 2364 876
2315 2316 356
2315 2365 509
2316 2317 133
2316 2366 429
2317 2318 622
2317 2367 659
2318 2319 814
2318 2368 439
2319 2320 245
2319 2369 261
2320 2321 560
2320 2370 649
2321 2322 176
2321 2371 985
2322 2323 713
2322 2372 447
2323 2324 97
2323 2373 236
2324 2325 313
2324 2374 329
2325 2326 598
2325 2375 575
2326 2327 543
2326 2376 738
2327 2328 739
2327 2377 722
2328 2329 148
2328 2378 463
2329 2330 266
2329 2379 718
2330 2331 848
2330 2380 81
2331 2332 141
2331 2381 351
2332 2333 971
2332 2382 12
2333 2334 339
2333 2383 10
2334 2335 727
2334 2384 656
2335 2336 362
2335 2385 994
2336 2337 300
2336 2386 879
2337 2338 653
2337 2387 98
2338 2339 140
2338 2388 105
2339 2340 182
2339 2389 590
2340 2341 465
2340 2390 949
2341 2342 492
2341 2391 994
2342 2343 363
2342 2392 969
2343 2344 464
2343 2393 312
2344 2345 190
2344 2394 83
2345 2346 77
2345 2395 12
2346 2347 483
2346 2396 1
2347 2348 455
2347 2397 130
2348 2349 902
2348 2398 750
2349 2350 365
2349 2399 339
2350 2400 744
2351 2352 190
2351 2401 329
2352 2353 707
2352 2402 822
2353 2354 980
2353 2403 728
2354 2355 558
2354 2404 74
2355 2356 33
2355 2405 453
2356 2357 613
2356 2406 1000
2357 2358 952
2357 2407 875
2358 2359 491
2358 2408 12
2359 2360 56
2359 2409 587
2360 2361 413
2360 2410 674
2361 2362 682
2361 2411 794
2362 2363 138
2362 2412 734
2363 2364 507
2363 2413 871
2364 2365 311
2364 2414 885
2365 2366 188
2365 2415 564
2366 2367 174
2366 2416 99
2367 2368 1000
2367 2417 458
2368 2369 191
2368 2418 406
2369 2370 678
2369 2419 178
2370 2371 87
2370 2420 475
2371 2372 704
2371 2421 617
2372 2373 153
2372 2422 176
2373 2374 675
2373 2423 467
2374 2375 635
2374 2424 674
2375 2376 176
2375 2425 164
2376 2377 586
2376 2426 648
2377 2378 626
2377 2427 435
2378 2379 472
2378 2428 128
2379 2380 441
2379 2429 223
2380 2381 589
2380 2430 864
2381 2382 686
2381 2431 439
2382 2383 123
2382 2432 391
2383 2384 320
2383 2433 781
2384 2385 935
2384 2434 709
2385 2386 518
2385 2435 258
2386 2387 717
2386 2436 440
2387 2388 398
2387 2437 400
2388 2389 219
2388 2438 856
2389 2390 806
2389 2439 91
2390 2391 609
2390 2440 830
2391 2392 313
2391 2441 42
2392 2393 782
2392 2442 216
2393 2394 708
2393 2443 421
2394 2395 703
2394 2444 560
2395 2396 449
2395 2445 903
2396 2397 52
2396 2446 695
2397 2398 27
2397 2447 206
2398 2399 411
2398 2448 516
2399 2400 580
2399 2449 425
2400 2450 122
2401 2402 673
2401 2451 236
2402 2403 561
2402 2452 559
2403 2404 823
2403 2453 59
2404 2405 322
2404 2454 978
2405 2406 960
2405 2455 152
2406 2407 516
2406 2456 837
2407 2408 326
2407 2457 882
2408 2409 790
2408 2458 882
2409 2410 395
2409 2459 999
2410 2411 818
2410 2460 830
2411 2412 688
2411 2461 844
2412 2413 23
2412 2462 484
2413 2414 522
2413 2463 581
2414 2415 650
2414 2464 966
2415 2416 969
2415 2465 717
2416 2417 470
2416 2466 96
2417 2418 691
2417 2467 848
2418 2419 622
2418 2468 501
2419 2420 153
2419 2469 670
2420 2421 625
2420 2470 62
2421 2422 784
2421 2471 411
2422 2423 614
2422 2472 823
2423 2424 539
2423 2473 109
2424 2425 303
2424 2474 692
2425 2426 647
2425 2475 301
2426 2427 330
2426 2476 165
2427 2428 303
2427 2477 978
2428 2429 485
2428 2478 830
2429 2430 633
2429 2479 66
2430 2431 499
2430 2480 866
2431 2432 848
2431 2481 939
2432 2433 557
2432 2482 897
2433 2434 299
2433 2483 793
2434 2435 314
2434 2484 511
2435 2436 487
2435 2485 184
2436 2437 874
2436 2486 31
2437 2438 912
2437 2487 861
2438 2439 431
2438 2488 152
2439 2440 518
2439 2489 880
2440 2441 734
2440 2490 487
2441 2442 421
2441 2491 924
2442 2443 68
2442 2492 796
2443 2444 797
2443 2493 707
2444 2445 988
2444 2494 961
2445 2446 836
2445 2495 859
2446 2447 120
2446 2496 665
2447 2448 80
2447 2497 653
2448 2449 350
2448 2498 494
2449 2450 90
2449 2499 864
2450 2500 989
2451 2452 334
2452 2453 247
2453 2454 593
2454 2455 895
2455 2456 838
2456 2457 73
2457 2458 439
2458 2459 426
2459 2460 415
2460 2461 301
2461 2462 660
2462 2463 722
2463 2464 928
2464 2465 614
2465 2466 374
2466 2467 553
2467 2468 660
2468 2469 90
2469 2470 86
2470 2471 250
2471 2472 982
2472 2473 83
2473 2474 920
2474 2475 522
2475 2476 762
2476 2477 889
2477 2478 541
2478 2479 536
2479 2480 14
2480 2481 566
2481 2482 973
2482 2483 334
2483 2484 793
2484 2485 923
2485 2486 553
2486 2487 768
2487 2488 898
2488 2489 977
2489 2490 665
2490 2491 925
2491 2492 52
2492 2493 370
2493 2494 577
2494 2495 468
2495 2496 145
2496 2497 104
2497 2498 737
2498 2499 177
2499 2500 700
238 444 480 388 614 865 120 870 635 249 60 49 681 152 446 256 833 760 365 787 89 946 665 280 427 566 963 889 221 222 739 941 361 77 677 67 46 125 739 243 510 698 657 584 137 785 596 636 435 414 581 546 785 276 789 626 618 765 921 144 739 156 215 718 179 321 401 139 281 790 307 683 3 8 320 66 552 144 929 924 944 682 568 606 658 837 314 698 846 812 379 822 420 989 687 911 477 176 166 421 137 298 463 302 736 339 832 335 293 852 997 888 711 237 39 96 514 326 431 344 382 852 99 228 703 519 176 944 405 218 577 584 644 210 719 755 630 818 234 464 176 654 759 376 154 487 426 70 379 399 973 797 100 997 169 130 12 203 813 554 412 222 197 300 588 206 692 778 974 542 126 147 464 414 815 13 56 808 720 746 259 296 179 297 167 863 396 222 987 545 899 556 315 933 680 634 895 85 478 651 350 416 59 547 407 116 638 270 265 383 938 571 76 840 162 394 119 337 149 594 715 9 149 774 992 903 402 345 15 233 740 199 712 774 681 981 700 96 644 396 461 62 351 850 501 512 442 186 556 741 820 797 734 338 377 881 693 348 300 121 843 224 855 557 610 456 130 467 487 577 120 182 388 499 24 886 886 912 714 616 446 665 288 80 332 701 111 324 728 60 30 42 955 915 71 405 126 808 563 716 896 904 763 732 926 551 276 375 566 224 547 100 54 742 761 313 475 851 216 863 475 494 343 957 910 586 275 272 243 676 935 65 271 237 676 998 20 578 220 710 327 56 916 975 10 500 168 371 348 425 732 339 677 147 712 33 486 868 531 924 240 109 452 312 869 928 68 405 444 675 456 673 168 64 670 512 11 274 229 979 583 418 106 598 678 251 400 975 906 747 8 212 463 195 346 723 464 913 91 760 807 212 911 283 305 559 832 136 353 138 455 99 796 709 195 571 350 774 928 574 378 861 50 829 159 758 874 418 281 711 536 879 550 523 2 713 403 974 835 509 165 898 383 850 52 761 190 495 700 652 376 854 23 667 176 481 104 54 316 747 457 500 835 891 479 681 168 533 340 93 750 609 173 99 269 280 397 695 764 924 802 860 79 767 247 277 243 647 442 914 511 993 646 342 829 235 700 262 874 78 981 820 522 28 403 21 464 902 561 983 925 417 96 344 861 426 67 155 818 960 613 372 252 593 954 350 230 431 683 578 607 4 102 947 503 828 246 448 40 83 718 449 624 383 548 14 644 870 323 652 806 754 961 426 658 148 931 827 926 240 966 676 648 736 232 849 988 923 925 667 630 191 566 37 917 772 495 823 529 603 232 938 823 216 590 885 338 259 579 895 211 37 916 878 532 89 345 559 610 536 266 935 122 987 712 578 37 82 641 690 486 522 992 835 588 607 973 988 227 150 881 792 488 974 268 470 820 807 634 925 176 668 388 12 891 694 747 26 624 889 218 273 203 218 789 56 229 201 716 481 982 203 36 415 331 516 56 477 96 563 740 451 671 398 11 394 178 160 713 147 189 312 595 730 392 211 253 129 283 117 652 146 283 804 694 244 492 670 679 427 967 492 286 761 415 582 991 81 638 233 97 902 421 247 666 191 556 718 466 237 926 715 822 432 369 728 950 879 60 524 369 583 66 354 807 63 671 925 944 809 792 618 139 298 879 670 233 822 223 578 723 150 741 740 256 595 736 144 652 40 835 174 654 715 816 374 129 452 111 137 854 49 647 250 759 769 764 638 622 991 410 631 535 290 185 175 892 859 138 219 560 566 720 101 198 325 362 471 451 913 744 781 73 10 700 994 93 561 988 446 531 572 461 110 632 666 658 852 193 416 884 513 418 186 28 488 497 422 944 957 261 14 58 422 249 172 775 105 493 579 30 6 487 171 207 942 189 174 663 148 990 497 9 514 954 445 246 904 344 214 753 609 191 443 876 478 94 751 951 303 527 79 315 6 81 902 737 447 366 61 880 982 949 303 639 407 41 540 967 691 897 948 77 825 393 775 967 140 992 163 565 236 443 437 674 447 43 379 234 177 3 465 862 818 565 2 622 767 605 794 959 739 149 74 157 8 931 940 434 680 320 95 512 945 474 149 44 104 628 187 67 845 924 104 105 200 934 802 63 170 951 878 629 16 157 846 561 179 621 984 862 147 588 508 409 701 834 62 304 370 460 413 700 554 401 355 208 217 216 879 162 281 136 815 794 264 879 185 112 596 959 76 403 900 142 794 199 936 421 913 439 644 995 115 316 409 154 946 180 36
