382019599180018800
233593982622000
38150487038664000
257318438065920
84778860085920000
112276824803062920
269783280
813986684661150000
836411633551166400
554400
1592420132160
8069424
811811291387896800
41227562376000
462430145923200
155667030019300800
3638969532918720000
2162284740000
297856395101865600
276262147521360000
412275623760000
329820499008
32651247793164000
62721369278568000
3650610600
798145920
122151120
3565918914717519360
25607181600
195839166798475200
666704925294408000
182600621723520000
413453554113600
3648089757312000
7721578870005000
9006449593973832000
391287046550400
831600
6177956400
1458187077119572800
13095420237900
7641836019129312000
2678487194392800
340280688823732800
41814246185712000
33076284329088000
330474013309440000
33977306563200
12811017542400
181051103948715
16078749326640
303600
18736113155760000
1655324378959680
749384566830900
104389825700160
5995076534647200
177039649987200
2400137731059868800
113889686110200
21644470247400
14240160
187756700391260
2772548215557120
26887540680
2235349116000
48719147400
162409534560
80313433200
314410966511796000
3853026564266880000
1125512452864800000
3348108992991
740666451870259200
27729447470524800
34415017436800
24890273112597750
9625980
285909375628800
931635825120
3333989229207436800
1688247111751200
1513908215820
39466021074480000
2347601883288076800
118685861314020
121276063231752000
36136989111623400
21747880354200
89051534732160
2247294722400
388756368000
10640261792160000
1484772531225984000
27745808755392000
174681717210000
2283057841739875200
71532163197495000
97569507619584000
325232902004610600
14852936869056000
94049136720
125278654721220
252252
636082390944000
10719166217760000
424715730187548800
270034643911032000
925293535079760000
1150707643365280
60480
66647793643200
12325541966337600
292080252986121600
10765560960
913641279157807200
1350173219555160
32944557600864000
266181664320
26550259394329440
154052485947360000
8654327655120
248877335479500
10999448460000
2177511715326107160
2332538208
4204685728856733120
2670534092706480000
787530579264000
2676779812106400
2040844712400
2123578650937744
863040
8869988236489380000
530895415050
137287920
3571585617600
1742260257738000
932567460945120000
2969334157262873400
516240781056000
102851430548466600
55409342110602480
624537105192000
416358070128000
17007526459123200
5782750974000
7067582121600
8995104518400
128391062149350000
3307628432908800
636819668260776000
6314563371916800
3379847863392000
135354263578934400
1181079900
991328738400
5068393477056000
486221379637593600
149023274400
6245371051920000
800573297242118400
225153633307680
19826574768000
2313100389600
2516598150066000
7740444182668076880
10324505231040
9855542484988200
684410126400
1166269104000
3502508175434268000
821578665600
956674719000
98555424849882000
3205758874237920000
58266084240
3107120139645984000
223264919221344000
468599024597088
198265747680
6700599687600
16482604057920
6862056833503872000
734359948476000
1095060276109800
50450400
27075666167550
336519832849200
2831959963033344000
12143391099840000
1546562051490456000
1249320072
627658714562880
787386600
10204515875473920
87604822088784000
905255519743575
305024227200
355839590880
2631068071632000
14671665328320
5979208520785500
4196553574253040000
152389697210150400
1207967112031680
376780512108000
1455680976750
385889983839360000
262009138759830
11107324800
20817241885440000
98109472701240000
201167893276350
161610581155923900
29739862152000
24043191556784400
35337910608
4324320
11913293113722000
7147734390720
131040
578037682404000
8175104365428000
225269542514016000
983160189595584000
474482131200
341669058330600
14270468756544000
27102641005440
2311801440
306039970959723000
521311224720
1274816400
5782567190400
1085822640
3662446755711744000
1078602321396600
68362029450
3527160
302896376640
39070080
25308
125707982400
2506996800
2776325151600
2590590101299200
222211080
2012230185675494400
26398676304000
4095473112522792000
48783287216664000
58916649580588800
566061927342912000
11802213457650
374256082676876400
564638354280000
268996591955520
267053409270648000
155345531854312800
257157614042128800
2628144662663520000
292340896848000
156648492000
37779096893592600
14495605344380160
874874000
20994054997608000
5860704129560280000
44247879561600
311023037001600
392777663870592000
2368699612631352000
599555620984320000
2650253760
228022754400
2458228500
268718023281708000
3600206596589803200
1275120
2746835066783808000
234654900480
145363680
9189180
5688091788825600
12406283890
21995067831576840
4061349925132500
111079656072000
21476489190156000
12047014980000
456611568347975040
784965679900201800
96633673063200
26898080
15032602200
170075505600
441874871854416000
5806101600
1421083427400
8685927993600
1286635656281976000
101971124274096000
282429840
3629186192210178600
2342475135000
25200
613302580800
50308334556480000
847665844138713600
42405492729600
11043097065000
74238626561299200
1402777370966400
10015005
1070845776000
85667662080
2201229227340
25511289688684800
190346098644979200
38118880800
1802156340112128000
51785335660766400
2703696485634144
144216072000
109148456908576800
2177742427450200
15265518448752000
4932189662400
1463035996422000
1276091216400
3420341316000
368732329680
1358963001035640
5292679020656227200
22989825010152000
26797573202400
3491888400
4302006508800
5733662357531908800
22129956248400
606095386631280
27713400
233735040
205931880
2001365629401600
1874941036074960
19423071290304000
3540792999744000
17793079920
71054171370
863133190920000
102724030609200
1097361720
3733547581648684800
60777672454699200
25009272288000
5995556209843200
2088149263200
32832807815808000
3717482769000
1149148273553280000
5064806037891600000
55717483042461240
1752481517916729600
5575421177221896000
127414899612000
2918756812861890000
8288280
8779605120
353245250358000
491089005792000
7951029886800
34251317100
986813997588825120
190818980609400
382091800956465600
320089770
528739162902720000
433358201441365200
1850332263780
3541822404120000
4950978956352000
3855044793600
26153820
422378820864000
78528690240
919850631932232000
250577911584000
608359048206
1035557260587158400
155405250
105867707400
9777287520
6338850154116480000
2588893151467896000
27018435996921600
138059418604800
51034920365028600
93437460641260736
29745716000
2639867630400
735134400
190466640
779200928906400
12212414759001600
1332955872864000
808659896204160000
12642980663966400
218790
7964074735344000
9076794753312000
147661983612000
47626016970
22913637714910800
31069106370862560
27839484960487200
659852034947305200
12391215408000
10453561546428
132908160
733055400
264933937768500
102217096800
156576708563647680
86796849828546000
2473858720944000
807647598838080
19028509500
1265440956780
378862412409936000
20238985166400
528950743200
2137236833571840000
3303953290205568000
1344904
8488730905200
3585005424000
190612689819552000
56706550788777120
160934314621080
291330421200
4087080001804800
10241251974954000
2042040
189086092081286400
174856398927210000
483055803015508800
757134378000
21681460985184000
6360823909440
5297911525866960000
345120260940
148824
2738595552
3705077376000
1319281996032000
30735029958272640
30147654987450000
4157010
12707512654636800
8798027132630736000
14634986164999200
3223638117486864
54907596001440
285919034729328000
7008385767102720000
84943266408000
769382129817100800
1895296631728500
5354228880000
19180737576000
3144270909780000
16564645597500
893970
96526439100
15716585600100
38716894616400
842708733939072000
8505820060838100
923780
1389404016000
1056202457310000
57723370155360
18375713516160000
174594420
4678675113752640000
374796021600
8257257706370400
17365049272771200
412722096610824000
10786023213966000
35302608000
65661200365400640
231458266209456000
21263325640128000
2119164610346784000
7520990400
60060
124291179492480000
3561954304708800
27563570274240000
92809581285710520
458240607849024000
10421278467600
275329440850464000
177337696536000
17242962280830
653837184000
471172141440
7528511390400
704134971540000
2423171013120
1122049337625216000
391186095300
1486778980592505600
5868419040
200359929639870
1130341536324000
1330032724020000
4940103168000
909423175375915200
3469650584400
1010824870255200
37416558210071040
45100627299327600
1003541908457088000
36078245280
531481076518392000
678040921958400
9001154797034400
504504000
2108402951902632000
21002426218065600
438800690627442000
194944796406360000
8905153473216
224877612960
70247933591996160
32590958400
8481098545920
8812319381712000
907316403541067520
10799411007000
24804
16825208400
1593900
7138755709588800
34503985929679200
1676056044
2517932144551824000
3497127978544200000
2144392760469960000
162954792
130487282125200
6651216
183579396
5034173760
7091316023585976000
45428062680000
2048250394990800
1362104085342000
461025449374089600
9370679786233920
22440986752504320
5717712
46831955727997440
1642130357868000
353379106080000
352753928727200
494771744188800
11745300
2655594749808000
15251211360
1502820902559412800
4688563303648224000
110017436782453200
594872132400
95040
12289529480155200
165435973771320
2273174474459616000
186875186097600
3088631548002000
1104436080
81307923016320000
19487658960
8212921516800
73465307534619000
24610330602000
1951616426760000
2933186256
119759850
62557346966400
29331862560000
32058552503577600
3740052019944240
454034695114000
189644709959496000
5834481151113014400
237588086736000
7391629365120000
173938050
13179640320
348024877200
4450890154510800
1935902928960
12777711870
3628326124051200
8217822536
1543782240
296508628608192000
337223055073905000
1629012
158169996069845760
1698185782028736000
61908314491623600
345769087030567200
221748880953600
36064823400
148995
444609285120
980293833357696000
17869939670583000
6864396000
3844988155008000
72762855014850
15536397436560000
123241988757888000
414254751611500800
408734256465334800
22449934926042624
149602080797769600
88216128
2415934224063360000
59800
95004
154378224000
14440355289360000
4192361213040000
15856076396160000
50424658525291050
5200298417296382400
31046515500
125055341611200
16216200
4104100976976000
7795055788936416000
7086414353578560000
10708457760
393962001310332000
6127331556381235200
32466705371100000
11429227290761280
14348425
1888482960
16657950909600
5662884427200
1099944846000
5597356764542400
1975031871120
1711880828658000
214383324355200000
52823751284304000
373075002076140
62471198574892800
19477920
186279093000
3142699560
28640037990564000
396270
202525982933274000
1052951379480
3102631145850600
241945746147345240
421645524300
4805077200
465120
1933976154825
9852782147208000
733743075780
36834953002848000
432409824
127683141505920000
2703912680700
69770287256670000
20636104830541200
2379188972160
1232673380400
44108721611136000
138916217883643200
589883794500
859243362978000
19983588448824000
10585935360
355575960157017600
120378867336567840
765654729840000
141101571490880
62291728699200
255112896886848
488620188000
181621440
14630359964220000
132365451680
10291881600
5451522928839187200
1602475394520
198290710800
230102248084188480
192679227468000
6936906008420388000
433058654940912000
106482300925592592
28589160600
89710363417165920
5350701720
681080400
1019317752450117120
55744018580250
49531057648800
694581089418216000
28880710578720
32720287600
69494209830045000
603700014677760000
68908925685600
6785957170944000
1484192245536
7702624297368000
1907524351933200
3806838663157530
2032843926761313120
4279702071645000
2993047200
184072680
1018911469217241600
35078023321941600
4700140003163404800
147920805648
2180027830780800
5142571527423330000
5665062459672000
47910333403904400
145720693198080000
1371352407312888000
6637181934240
1215553449093984000
116447025053399040
3156846462000
3709742278060280
1268946221052510
420083062963200
21888538543872000
19216526313600
294332215320
70396470144000
27725482155571200
16731965250
182333017364097600
5808125505032323200
3774897225099000
47780587354500
948047325681456000
5994283373783359200
4568206395789036000
540245977375104000
256468420028620800
712530
308138549158440000
273031540834852800
4401979273692000
41140572219386640
29386123013847600
1247646697000704000
14724129420000
76448939767200
94486392000
4701779682215616000
670442572800
634486995483264000
7993435379529600
41557382875008000
1404180148337366400
43243200
929205470793600
94718450578752000
14968800
696468538030765500
9913859304426000
2075793350400
286683524127000
22481537004927000
3882751431530400
137425207920
213860618672500800
14039351726400
993845160
307286179200
377670830644800
1398109786688815200
417165819470400
2431033812963756000
19665828000
265764451680
12972294720
94926082220489520
20817903506400
1801229066461440
317225196288000
31505760
7866331200
618655221344160
52325052107328000
2081071802526116400
6370744980600
2109051890946000
6254984297139177600
13435901164085400
519467285937600
6590029600
2802006540347414400
251708688000
2524136472000
4646184314351580000
3255946738644600000
21578329773000
24736537425600
56241383758560
828828000
2520498377779200
70572902400
37779438977280000
223258207312998000
64512240
402640304430
3752019060098400
59280
744640987754664000
16157040883200
1756198339799904000
15786408429792000
1693915062840000
616209943789440
45848954151000
3806921972899584000
16208514000
8976124847866176000
431441715157853400
102918816000
130088765911104
322545026781432000
58521439856880
71286872890833600
104187163412732400
601304088
20935530
3537887045893200
69390806284800
27839512800
2945124000
88952588582457600
410994727466400
8667164028827304000
7653397752000
1164470250533990400
4872348280800
342530478501906240
1982371974123340800
4051844830313280000
2940343837200
198500542240
9149409111338496000
252582534876672000
2058376320
2546797327866792000
59345202060144000
2355860707200
625886256398832000
10327312915920000
10028024506500
7273144639575360
7095990589191504000
148419224553600000
173451687881472000
16508883864432960
192752239680000
3384731762521200
239000361600
2166053293404000
755379643365547200
553230539248907520
39026629773331200
4245464455071840000
310079689920
1105048590085440000
75590127584400
383331356100
253673093526652800
3004501500
31474151806897800
396554372177040000
499858452324000
2956651746048000
7396040282400
1002388524044040
985894398720
331403801289200640
52621361432640000
26414429580
142077675868128000
14175550426752000
4862554200
388409935914000
2760681
6861254400
9271270008000
1839186000812160
261625260536640000
389398464
42900639600
20603255072400
1877246187616800
43364386933948080
47457937800
16054277351112000
1192186195200
1550398449600
4597965002030400
2490952020480000
4486993837641675360
3865526280
1584865774800
2542512
2601775318222080
41064760354117500
4688422353572958000
9020804817024000
1084109673348702000
9921071160
703436296563000
2783970104916
1699518737901600
1412776406897856000
378821575440
15891584108400
3053195476531200
1305093289500
18486298313683200
6327155672838000
757155962338776000
2035402459833600
4472256638874888864
111073248
556920
213516959040
44525767366080
7137978699186720000
1123647361200
2128903920
106879500
93963542400
1565148186201600
13628418804000
5832748308478291200
158160710400
48784753809792000
554588949410496000
84362850
850727477600
1387816125696000
157205483255898000
13864723735262400
2633464793559600
1311281400
844123555875600
142478172188352000
19733010537240000
132305137316352000
85489473342873600
48625542000
80694240
47448213120
97290
1335267046353240000
393765289632000
101766230790
114848209476000
32574679200
17272710
8335223650930176000
47024568360
2331418652362800000
318041195472000
6820673815319364000
207089127907200
135017321955516000
462646767539880000
45939283790400
666119614960800
