296281440 1306368000 
48263219550 2437996216320 
5196703859290944000 878757175296000000 
3564343644541680 914039610015744000 
19358447308200 1031956070400000 
421354366969536000 125536739328000000 
20301191820 939309347635200 
2339337556876320000 512936840057241600 
5393011606983000 3281494600581120000 
1079412542208 1556755200000 
22946695200 248314429440 
5298678755370000 2091273085440000 
1059582305173392000 339088681451520000 
120407080133340000 151981285942886400 
5771858732640 30255687000000 
324632 260919263232 
137664720425232000 157621464000000000 
146611080 16509167091056640 
1032485403189240000 424789845480000000 
306857549898900 4534963200000000 
665016362010000 5608022999040000 
605563286328000 1080203040000000 
22550313649663800 497643787675238400 
501770954228544000 600969478511001600 
18039122640 137153080448778240 
8384292440314560000 4471978365904896000 
339020460979200 468673327477555200 
279351072 1245404160 
1921375913381084160 657847385395200000 
1616254364350080 45769315634380800 
10501213109032800 374476218826752000 
97472398203180000 17606527690752000 
42389430042960 58198694400000 
112438806480 167650560000 
24942060 349920000 
74613 47775744 
9390889117209600 7401686003712000 
8255176274800 1460813897442263040 
229188960 7802486354419384320 
345253276368000 1001194242048000 
2943522022183142400 3652950625632000000 
2625519143520 36279705600000 
230512724687044800 6265310762395238400 
55683980352000 27461161728000 
499564091235409200 581986944000000000 
12704124888000 27935373312000 
751410451279706400 5208121800000000000 
12376 1492992 
8481957120 25694809620480 
104190295636627200 40477970332800000 
47520 443520 
93437593048800 208584120729600 
13973820733857600 40318362427392000 
11639628000 25945920000 
4106460758400 7641722088000 
9554520792960 100329062400000 
1346418727179926400 273766658457600000 
51915526432 3423782572130304 
7909764777893979000 6049137024000000000 
293930 80621568 
180504441117000 161404379136000 
12341 29686813949952 
967951464480 1362160800000 
7885781416432920 5283615080448000000 
12127606323175200 241864704000000000 
19241123385120 5944066965504000 
19407837508899840 13800994099200000 
168611527536952500 225267342300000000 
814506 247390116249600 
7730167945500 41416673760000 
490146916678848000 142910127360000000 
148875406680 10715084410060800 
200136562940160 13875197195059200 
74801040398884800 49775756083200000 
2070800763482880 40131624960000000 
222544507725540000 77532013278720000 
2933186256000 5403237840000 
2096180606520000 659067881472000 
3572131317007968000 2152058388480000000 
7928038198080000 15752536031232000 
62527670805600 174120121663488000 
2052050488488000 4820610790195200 
3897527894468208000 527254305177600000 
36077582618352 308140431491727360 
14125852540800 11719623573504000 
5354228880 17244057600 
196981000655166000 429087334072320000 
3063665778190617600 964643359680000000 
5714613645380640 53397534906777600 
944241480 146114787409920 
8328975454800 278592194661580800 
549972423000 998917920000 
2831442213600 18962192793600 
4015206074880000 2527937670627369000 
55847360625310800 695121481197158400 
19835652870 14105549537280 
26411875642152000 12466495641600000 
545136752160000 25439868931276800 
128434218808896000 45053740892160000 
35215373913720 4544754347598151680 
784573393203600 46231631953920000 
228826080 264146673456906240 
101262991466637000 80655160320000000 
247239060868800 3900290725262131200 
232560 15482880 
366871537890 15780397040271360 
216204912 6522981580800 
168374511945319680 4897128421785600000 
34885143628335000 17881629685920000 
7743640523919300 12730964400000000 
22054360805568000 6355297428480000 
42095823601104000 95569451679744000 
70550785745440 8255648563200000 
90810720 661620960 
7315179982110000 30844126494720000 
78257409310080 74724249600000 
325221914777760 5243865661440000 
5145940800 15437822400 
99145355400 2678771102515200 
340540200 7214407200 
5174159804618805000 3695692632952320000 
301850007338880000 193184004696883200 
953762175966600 497922163200000 
72076158000 182891520000 
1496523600 8406478080 
92036340 15239231160975360 
17539011660970800 1476672570261504000 
2350070001581702400 406539615081600000 
80764759883808 1461147874099200000 
72860346599040000 183644053847654400 
68183715600 3590917015386193920 
277049219166720 607864257000000 
854992152 11888133931008 
9608263156800 952219415347200 
35198235072000 67463283888000 
4942365120000 17878468608000 
6738832468368000 5810557648896000 
11912890651200 2720626900992000 
133223922992160 363741840000000 
1376192114267443200 366564476678400000 
45894849000 11557907988480 
76168907020800 784425282600960 
45298766701188 3439853568000000 
49145677350273504 1504591950643200000 
154069274579220000 61085828643840000 
67722529246291920 2538998916710400000 
31853679764066160 242716067758080000 
7362064710000 7921488960000 
335221286400 463134672000 
3996717689764800 4620868560000000 
20778691437504000 25408725942600000 
5766092640000 14917174272000 
148419224553600 92626934400000 
143341762063500 150644087193600 
90011547970344000 86416243200000000 
1722723142140000 750278168640000 
4165246800 1375941427200 
1449167409046526400 8650400654897971200 
15752880 97977600 
3710480613840 4086482400000 
23793262330622400 25141835980800000 
277872449400 74300837068800 
941090095327200 7669272961571880960 
26072766720000 7826432416803000 
143643534194160000 278226610421760000 
2323092157175790000 991176306120000000 
10789164886500 39341998080000 
414414000 63583027200 
5722279590514687200 762635691417600000 
474007649068800 26979550101504000 
321132045780 6802444800000 
372320493877332000 408316749120000000 
7823578204985400 110587508372275200 
132072147900 54549520633036800 
308104971894720 4284987369062400 
3219983391240 1669883284684800000 
2558160 179159040 
65044382955552 2675441664000000 
2083057974082800 1535586544826449920 
34695403142400 64362486988800 
6880394829038290560 7437513790586880000 
205497363733200 3918208204800000 
4725606268443060000 434984801771520000 
2436174140400 7468070400000 
1348252901745750 2088223836733440000 
991185987061670400 321547786560000000 
1470171918600 423166486118400 
99250271120 11364483465216000 
126291267438336000 29144138639616000 
5163656457960000 9113037373440000 
8101039317330960000 761223403100160000 
7069997949670656000 821104427759616000 
3547995294595752000 385142793235200000 
447678 79626240 
175619833979990400 785581017661440000 
1064823009255925920 2528292372480000000 
96376119840000 246722866790400 
474467051520 105999453880320 
289901019189600 690676482598502400 
11468267618895360 19054781625600000 
165701900644600320 2056793937149952000 
13207214790 34288270112194560 
28078468618200 435356467200000 
177001729295529600 714256704000000000 
1424284849443456000 357754861271808000 
3092421024 18702692788469760 
4635635004000 4363961650642944000 
919593000406080 59929893273600000 
2755171654692256800 7291370520000000000 
938623093808400 1454967360000000 
377348994 7213895789838336 
775199224800 16444678157107200 
3247943160 15045919506432 
447720 37108517437440 
74160725839200 101570070970368000 
7629706120686249600 1437274956902400000 
1932763140 38098077902438400 
1235591280000 2822916096000 
83805321600 132324192000 
235430875680 978447237120000 
223592598028800 152437469184000 
72731446395753600 292559545958400000 
43305865494091200 29201776902144000 
2133455760942105600 4370687116443648000 
1391985052458 6340338096537600 
849759368950800 14119655086817280 
706388203448928000 135161222676480000 
1406034593964000 3973030871040000 
14190 118747255799808 
3496948638647864400 2371261713408000000 
34576908703056720 2260213117747200000 
3113510400 14841476269620 
364808975731200 2167999561728000 
2375100 15854469120 
80453108736000 4274345165650560 
22262883683040 23156733600000 
42181425 8599633920 
693908062848000 1332303480668160 
425363738800 2204496000000 
80929463709600 603404063539200 
33305980748040000 32676141960000000 
7078605534000 24580620288000 
71239086094176000 143354177519616000 
40347120 761014517760 
48645 791648371998720 
196882644816000 306486180000000 
177857748432000 181579926528000 
25188105440440800 52672757760000000 
43020225132885000 116700507000000000 
103544563953600 2922295748198400000 
22969641895200 21016195200000 
932073191125876800 5553343630304870400 
88962572160000 4928974605434880 
9369900540 30481920000 
8597496600 67706637778944 
320229318896847360 151810935091200000 
14918904000 1204444200960 
140876957760 50096498540544000 
1064026179216000 2324223059558400 
443874305663712000 1013477465120440320 
30817209182760 109586090557440000 
4251881614780800 902411015159808000 
3262623 6262062317568 
15612931414080000 172514111190220800 
159204917065194000 218680037452800000 
7039647014400 8799558768000 
1213941955644000 30611001600000000 
78292369275120 835776583984742400 
8489324426222640000 6913299456000000000 
670059968760 5343626510991360000 
4120651014480 334310633593896960 
1682120239800 78732000000000 
3035847774960000 1877239203840000 
258182822898000 1402005749760000 
7937766001620 38042028579225600 
167051941056000 66691392768000 
15873926792724000 564006884474880000 
9292054707936000 20659760529408000 
593285806713600 152355106455552000 
741015475200 5621940324000 
29683844910720000 21250934424720000 
2948740641016410240 6180270243840000000 
133024320 862202880 
2701229886875520 131549710030200000 
10729675756800 57388223692800 
322127190 6234230929489920 
1655731137478017600 381252461990400000 
1294871419353600 3922126413004800 
34668656115309216 216710774784000000 
14280 1843200 
64530097632000 102661518960000 
5846291841702312000 828542479564800000 
6064949221531200000 5823515664046080000 
217375111356978960 5015306502144000000 
14747402843933760 40148346470400000 
6113193886800 309586821120000 
184836547703808000 53164809105408000 
17120671768200 238654152769536000 
50734618705330560 149974557917184000 
1929449919196800000 2668577657473728000 
407170400 237494511599616000 
26097456425040 321452532301824000 
674412197580 98738846760960 
67596957267840000 878114096558899200 
6654115717337088000 1931840046968832000 
1125498074500800 8748568779581030400 
14612237640 7013509795676160 
4233047144726400 62926387937280000 
669621798598200 3834636480785940480 
321570878428800 1973361378852864000 
99228852987264000 60370001467776000 
2319050383650000 6999417865440000 
1364220 303992974847508480 
16351578783540000 42410673930240000 
178650488016 4383443622297600 
308756448 2381400000 
1016747424 1712282664960 
80143971855948000 64892837560320000 
285637306229074800 2221624052121600000 
83842924403145600 117663792390144000 
31470753600 5778953994240 
51061096303176960 272806380000000000 
2457283867513675200 6881000520941568000 
815817061389395520 5952139200000000000 
210251573013081600 37072568332800000 
4871909868085260000 738156027248640000 
1755225185421708000 831756340800000000 
13860 90720 
2523781260 133772083200 
742096122768000 351982350720000 
54115659520650 18055103407718400 
1582101370341492000 3809369088000000000 
813960 23224320 
21620491200 88785027072000 
12381662898324720 60679016939520000 
73645811975736000 32265356175360000 
2126818694000 4320812160000 
54486432000 2061378118800 
1880247600 8941363200 
1794260160 3487983206400 
9177648028348800 40507614000000000 
68475233146320000 22152003793920000 
117731367241488000 32221096427520000 
21235816602000 38626689024000 
301140455616000 1242204379416000 
2748731912160 1664338750341120 
2672611300719360 226021311774720000 
4385113452720000 2581203905280000 
206290789848000 881798400000000 
232841136047520 142657607172096000 
4593928379040000 1583920578240000 
891012021372480 82384768141885440 
1076882092650 2885558315935334400 
3910915008000 10266151896000 
2338727174784000 985550582016000 
1536751497913632 396271131033600000 
2143833243552000 855872873856000 
52723332023281920 1599728617783296000 
4589484900 4953389137920 
75075 1036800 
119071043900265600 245806202880000000 
1765970508622320000 735877767905280000 
356761718913600 716934758400000 
22691986883280 302330880000000 
1594455605542800 421906448646144000 
3852505238400 958176580620779520 
127777118700 216416873695150080 
345454200 189408057753600 
32639861133079200 37275006384000000 
657036165665880000 92434270376448000 
3623901336095040 26698767453388800 
3385768921920 282526639718400 
2784199017600 4800902400000 
241401471931620 390564826746716160 
36054018000 1634992128000 
1023460181133390000 389104261965619200 
652600913684148000 1714216089600000000 
881583690415428000 356910606581760000 
16060678872638400 1251218666154885120 
13430340 1135411200 
10601373182400 8336424096000 
157370759034489000 99117630612000000 
20193091776000 82515510000000 
54371520 317089382400 
4255091358598080 49601160000000000 
6765603612768000 2787700217702400 
8869955238144000 411405722193866400 
60801495955200 382588157952000 
94448597443200 70413235200000 
86040130176000 372654330048000 
8400970487226240 741462913276968960 
33721838092800 390239921111040 
3423244440 54358179840000 
1907426530171562400 410649987686400000 
574241047380 23619600000000 
10943533394233440 998603250204672000 
9004845744236160 57211644542976000 
48169806867000 104757649920000 
108264663735228000 48669628170240000 
174053880 26754416640 
580773039293947500 450534684600000000 
3601639849167360000 7456952889634248000 
659002960 2446118092800 
147470948625 3224862720000 
51374340933300 1974776935219200 
836020569384000 1529616885350400 
266205752313981480 1805923123200000000 
43904958494997600 404693251522560000 
330702372000 2656862208000 
118616762880 2383795814400 
4948998564769459200 540200281420800000 
7919602891200 752671888768800 
73390982176512000 53292139226726400 
1558401857812800000 4895979169961880000 
15890700 12824703626379264 
468358862400 15892123484160 
4190266080 7783776000 
281374518625200 281270965764096000 
6195060525343536000 8749644624000000000 
109620 9059696640 
4536582017705337600 466055144755200000 
44464437108000 69838433280000 
94417707661200 457124290560000 
68257885208713200 783163845299404800 
80057329724211840 55203976396800000 
758961943740000 543411348480000 
74826180 646652160 
977728752000 1676106432000 
29059430400 931635825120 
2203079845428000 4479818047488000 
535958310888000 251727315840000 
131282408400 2437438960041984 
5969200033218240 1331471000272896000 
1290074030444679480 3303635366707200000 
23612149360800 44808422400000 
181948476645936000 30207277900800000 
32621820531300 535754220503040000 
1296166290772953600 144053408378880000 
226014481477356000 1128701952000000000 
897639470100172800 6504658040092212000 
1395360 246005760 
11946112103016000 4448708199936000 
12217590 742170348748800 
1458620287778253600 438026653532160000 
87006219300 1259712000000 
28501200 39636172800 
777557592504000 2011346878464000 
1239703920 512988145055170560 
907081531012800 28252663971840000 
17013360 129879811031040 
3335609382336 713451110400000 
20918386189471680 850305600000000000 
7405310404800 160907750277120 
7332965640000 89828829090000 
8014638125894400 11576699515180800 
4345552411200 1999672863904235520 
20539466640 81537269760000 
2668577657473728000 252093464663040000 
672672000 24652782000 
22012024650 27831388078080000 
39542499017461440 659228826009600000 
7534800 14155776000 
20809356566544000 11884406191257600 
5421156741000 7966754611200 
131055139600729344 2409754468150149120 
3341520 29030400 
23843723904000 347163328512000 
24311068981879680 20557730793600000 
79510298868000 89318829600000 
250797697920 113010655887360 
77950557889364160 120445039411200000 
320575887423792000 168721377656832000 
33754330488879000 38799129600000000 
252378126000 2341011456000 
166529903740200 606236400000000 
280911840300 3044058071040000 
23737172262804000 746465681512857600 
12196188452448000 237804702541005600 
2497820456177046000 1357969536000000000 
24374233468974480 3994413000818688000 
1378397550348000 907899632640000 
2338519075200 263303591362560 
11762150400 128501493120 
16257084480 3185049600000 
342008414748000 1324343623680000 
30943618477200 117573120000000 
489083725685016000 1249949232000000000 
961015440 5225472000 
216313014456000 2194196594688000 
1093966309800 21767823360000 
28843214400 4817776803840 
32479431600 16717688340480 
624660036000 1280240640000 
16052105160 365286968524800 
344362200 284993413919539200 
1404958671839923200 2059599583641600000 
16720411387680 119190926131200 
105885780 556627761561600 
164745504000 774918144000 
5200300 4353564672 
74851216535375280 3199138635055104000 
990533031865977600 1404863715999744000 
369582843187057500 63435283591680000 
175991175360000 2690098445034000 
2165293274704560 6772211712000000 
938004765024600 27862813900800000 
396915411949056000 346482626490000000 
99737718900019200 225968269382856000 
929233405900800 5198527904169600 
72227320401940704 2773897917235200000 
1325305800 356725555200 
180568301004851760 3883457084129280000 
43609104000 14620614328320 
1711694288304 382205952000000 
48283915680 30954688295731200 
187583012416800 592008413655859200 
605682000 21676032000 
3859455600 19209960000 
838053216000 1698160464000 
17785774843200 36315985305600 
593452020601440 2744515872000000 
1879016862602880 5850436087893196800 
36255606315786000 489776025600000000 
4446092851200 144403552893600 
6107086800 40122452017152 
475637050362474000 589185763246080000 
291117562633497600 74798973849600000 
23700382453440 1098714710016000 
424054927296000 416344837708800 
9734961600 139676866560 
1715313600 4540536000 
1843425355491720000 1321576399503360000 
4806961366871664000 1006669523059200000 
36466603472819520 526198840120800000 
486062359039857600 65906788147200000 
65406315134160000 78762680156160000 
1676106432 7484400000 
3322412877717133200 7618738176000000000 
110544 7388718138654720 
58004146200 296284262400 
12329841823992000 26878908284928000 
423259200 1596672000 
185033226378000 1515591000000000 
4216455243000 8961684480000 
1100438382791286000 387184274104320000 
100965458880 1071630000000 
1035636879028752000 4983769924632576000 
25975516569912000 175535727575040000 
336935434694704560 9183300480000000000 
219012055221960000 59810410243584000 
8327641815717840000 2371503678888960000 
11554258485616 831979165027663872 
14815665006542400 127136987873280000 
217945728000 24067258815600 
170544 71663616 
83674633208400 18957858578104320 
8734085860500 17382010060800 
5047562520000 73438396416000 
548354040 2229025112064 
3472905447091080 43535646720000000 
4092408381600 208971104256000 
273900932585280000 75316812899328000 
12026750853237120 719158719283200000 
1370461918736710800 2400341364758937600 
597436881107976000 965446501662720000 
7644883143375878400 8998473475031040000 
8122425444 106993205379072 
1942884166204800 7151455567872000 
8066262204000 10806475680000 
153130945968000 68652904320000 
1536187796243100000 1303164344401920000 
131257302769320 6817131521397227520 
2654477075250 10534551552000 
89413964640 6501323243520 
20621840711472000 19467851268096000 
546896235600 3674160000000 
326764611119232000 116181838080000000 
2066173200 1551630809117491200 
411806970010800 5461111524556800 
1500683270486400 12264555303000000 
89625135600 125737920000 
1204561822464000 9523566908856000 
1006880 54358179840 
907679475331200 2194698240000000 
3269874051722678400 907899632640000000 
19297278000 278107830000 
344532988800 1065420324864000 
99098657263148400 1469328076800000000 
112438806480000 86451805440000 
2233894425012432000 2703250204655616000 
38278920695400 4231664861184000 
408017940954624000 2462022815414722560 
1376975055456000 1982836703232000 
112249674630213120 4662066257539891200 
15142687560000 90333315072000 
42678636 1511654400 
620746642109880 1128298388379402240 
1035759829104000 1287249739776000 
693930116880000 6546508480512000 
2323013676984 495338913792000 
264669268500 5441955840000 
5302759040092800 17557585920000000 
7020900741686832000 1544690347200000000 
267154604196480000 322811813404080000 
13800 440401920 
3685925801270512800 7723572013301760000 
2421619200 12864852000 
7763631876000 13826598912000 
567567000 3859455600 
62701542703800 210691031040000 
19769460480 89669099520 
29625478066800 1831191183360000 
2508854771142720 25709924214374400 
9842242157748000 13408979189760000 
23030280 20873541058560 
2994390157255200 61222003200000000 
2968384491072000 1619118813312000 
65214507758400 56330588160000 
136136 3732480 
107891648865000 275393986560000 
84987760 9674588160 
1720809005315400 9093546000000000 
47861426340 1154223326374133760 
2824298400 13951932825600 
158002549689600 11109226512384000 
106136611376796000 32038022016000000 
10173463210310400 3432645216000000 
49526651593298880 133493837266944000 
1164544781400 4232632320000 
337316419440000 234654900480000 
2803123819237822080 4449794575564800000 
158392057824000 2695532987347200 
822208772385000 783151649280000 
4857356439936000 3330758701670400 
84413433964860000 106606518258240000 
1474740284393376000 398369919467520000 
75582 13436928 
46942331436000 111588212736000 
11162910365649900 75246796800000000 
624487139025750 3150592200000000 
179902090368000 656355667968000 
197761935571200 82037365014528000 
165381421645440000 51002242619328000 
1955930476500 11705057280000 
258408471321000 174272757120000 
6049696653000 12985932960000 
770654634750 3762339840000 
463563500400 1335906627747840000 
43589145600 1552726375200 
6194912419135440000 1781910650520000000 
135161725508409600 141859317600000000 
115078523690592000 104590037680128000 
73316892771922800 1360488960000000000 
418142461857120 5509269474508800 
2894174878795200000 2971352875563072000 
55367594100 1360488960000 
1841747650142400 719220902400000 
12392775499104000 9484998082560000 
555236555190240 213986410758144000 
243614301840 12500931811737600 
382275587296512000 75628039398912000 
204773655626139600 1101853894901760000 
1712304 2137450604396544 
843627304520 5917648890101760 
1467166532832000 14048637159997440 
2917328277825561600 1173861139651200000 
48620 10077696 
92035125 169869312000 
192538070524800 446965972992000 
1884960 869730877440 
190422267552000 754255079424000 
133482086630372480 1444738498560000000 
62179167012690 159776520032747520 
54211567410000 63930746880000 
53595831088800 61611580800000 
703967320356300 2314720800000000 
450242287211808000 557813534294016000 
11534964465024000 6288033810323865600 
2928337433198100 24684711690240000 
5594589000 699413299200 
2275262840290440 69347447930880000 
965670818112000 49125264143155200 
60398355601584000 77871405072384000 
51350828649120 1177194332160000 
22425022331712000 8536498274304000 
16078543921440 80363133075456000 
320495078904 81156327635681280 
15643660032000 78707164536000 
7428997738994832000 2169274855587840000 
787655743056000 1290614247014400 
78235782049854000 979552051200000000 
135751 89060441849856 
5697720 149299200 
764489397672000 538014597120000 
4130925166368000 3682411020288000 
27828604603800 38957798880000 
46225898052627150 1101996057600000000 
5506588817009280 45467730000000000 
517722819768000 5400402542670643200 
75600 720720 
5402907446541696000 3160943360999424000 
2287084800 10594584000 
566544888 208735410585600 
1990461039840 2377626786201600 
1976946048000 32896382238720 
124036066234080000 36430173299520000 
225102490572960000 233980540073280000 
427220906112000 88873812099072000 
3348973788320160000 3021518573462188800 
129729600 980179200 
95903687880000 477349576704000 
1448517470400 315737820616458240 
4366763439502464000 380140938777600000 
13485 12079595520 
20982767871265200 7208554953600000 
225792840 557256278016 
890515347321600 580770878688000 
7666627122000 3428827011219456000 
434967489192075840 6592288260096000000 
77977918562544000 13338278553600000 
617795640 4877107200 
42501868849440000 21588250844160000 
15185291481360 23013079017062400 
714093265572687000 3110273672970240000 
13766472042523200 36374184000000000 
1546638053360400 3792438558720000 
85348125872568000 270325020465561600 
688400856000 1536288768000 
64188535811400 4078562181120000 
5928591614400 13967686656000 
3953892096 39852933120 
80499584781000 8572067528048640000 
7293320694563904000 2337602786719200000 
331514577025632000 100666952305920000 
975357330948000 1390560804864000 
13028891990400 123605404876800 
2824464215532960 176296623184281600 
1232984182399200 8228237230080000 
20862875213294400 131651795681280000 
1740124386000 1810626048000 
8245512475200000 9937635035328000 
1702701000 61322461200 
18952966317285000 19690670039040000 
1252677908401920 4178882919923712000 
965605887726480 1056723016089600000 
5508719477275014000 5702168400445440000 
3259095840 7185024000 
29683844910720 18525386880000 
9302704967556000 4181550326553600 
2678029526390400 141717600000000000 
145862028777825360 134089791897600000 
60071878003737600 35646700320000000 
4093840724533560000 769405260085862400 
85037632295616 34245653299200000 
2394437760 7005398400 
199943380929600 2303906424422400 
1491890400 472331059200 
2374707592857600 2032698075408000 
316066023000 1745584660257177600 
100391791500 786839961600 
63272047839 1268067619307520 
720352264647015 440301256704000000 
404937963061632000 370727925055488000 
4624301459232000 2224354099968000 
4047797033280000 2628134885376000 
363657231978768000 643631001108480000 
128230354969516800 108154729267200000 
6432426000 62432370000 
12108096 170100000 
4681715188550400 4506447052800000 
534880962000 1371530804487782400 
95675202604800 154342937548800 
524045151630000 253487646720000 
5137957177528593600 4827232508313600000 
336413862814372200 3918208204800000000 
292825 45598946227126272 
751616304549 61628086298345472 
11922027199582500 4879637199360000 
41716581947040 2361960000000000 
19312117754529600 3254706889555968000 
12666978324000 158921234841600 
68634495001800 2786281390080000 
5481847674946843200 1961063206502400000 
20036595314736000 65601297252691200 
166474852532352000 391197609511188480 
8535727200 50438868480 
2389747524431904000 2510160904323072000 
547213463596800 2207239372800000 
1141768261673020800 2580375195353088000 
5341068185412960 6325455628800000 
225102490572960 1372257936000000 
2811203935870176000 1333522980421632000 
8799558768000 14665931280000 
194876394723410400 81116046950400000 
2196606720 37933056000 
156057172951680000 714114966749184000 
30116520 29764123361280 
13140723313317600 7129340064000000 
35814240 627056640 
1902850950 128994508800 
261018657900 1058158080000 
353430 966367641600 
103575982910400 257449947955200 
18651349218902400 6302336616576000 
378452831423546880 209602597881600000 
338935705863955200 3496549693154918400 
335388897043200 213412456857600 
871782912000 445244288088600 
86616902609677440 1830772625375232000 
1965852207672312960 698675326272000000 
610755600 199495389743677440 
2039028539875600 9130086859014144000 
66775361005085040 6673166219492720640 
35343526932000 125709179904000 
126406310090860800 50214695731200000 
3525105002372553600 755002142294400000 
826185033273600 1195587993600000 
1892835945000 14306181120000 
1690695310554280800 6553333829468160000 
864913896000 1046139494400 
34936343442000 46088663040000 
23459005112400 4314952315699200 
206719793280 639252194918400 
8436285 7739670528 
177752868400800 10474413568819200 
106661318400 446961715200 
17503460956800 76187381760000 
4756822918848000 2845499424768000 
31322238948000 21123970560000 
1267098369264 416084687585280 
3194469027767777760 5899348869120000000 
6827209558541856000 3299865972480000000 
727314463957536 37150418534400000 
1626109573888800 13109664153600000 
6583661983899000 10323860520960000 
35765585856000 77253378048000 
604656 22394880 
37169336236032000 7535670527041937280 
15180 237494511599616 
5814190604722500 3964705224480000 
6372062254639065600 1847924944588800000 
13801594371871680 1482925826553937920 
3630717901324800 3879912960000000 
4454317593677952000 1297547737694208000 
422590010274432000 300508451750707200 
30113772886197000 2031199133368320000 
150167347459169040 1348422598656000000 
1716099 238878720 
99557729013600 4299816960000000 
35838336309048000 10804005628416000 
67445820 69578470195200 
5135082864912000 14420630568960000 
138600 831600 
6238233485003520000 557540043540480000 
147633632366220000 678570782883840000 
7298357146080 3424565329920000 
1124388064800 1452971520000 
60556328632800 154314720000000 
53012232000 19271107215360 
1799020903680000 2518629265152000 
306806988430800 33853318889472000 
14731679569160400 7703510787293184000 
75900 471859200 
92583306483782400 40739086080000000 
3081385491584400000 939558221521920000 
68906597760 273965226393600 
1575202089481020000 368064063037440000 
10523406996582480 2011087405213286400 
1960358400 7351344000 
600034432764967200 1038285400965120000 
773016794550000 1272621430080000 
148650716214000 167382319104000 
558837279000 5016453120000 
44019792736920000 8803263845376000 
4419503870748120 2567836929097728000 
141618391200 9631589990400 
346311523958400 461976835320000 
151528630176 205729620673167360 
351982350720 681080400000 
14617044842400 16295634432000 
111028818700800 5554613256192000 
612523783872000 233419874688000 
450646381785600 2059599583641600 
167038206294960 57532697542656000 
15697515632198400 9763968614400000 
7908035520 12230590464000 
106178932546887200 566337491435520000 
151219400590177920 101625502003200000 
15120 110880 
758118652691400 563305881600000 
3304429128000 80263249920000 
109591782300 27274760316518400 
27977023828353600 7502781686400000 
1786119353770752000 1320593782107600000 
34321980 1548288000 
576609264000 747242496000 
2232649192213440000 1162122528254688000 
938829384598248000 1486787612560588800 
33838565894733600 76187381760000000 
7691138186994662400 2347722279302400000 
5238861866700 757459057933025280 
15651481862016000 19272989159424000 
310855820315040000 127097121767616000 
2299988136600 1309188495192883200 
2104166056449600 7936185600000000 
86825246363856000 20907751632768000 
6661196149608000 5516751240000000 
16882686792972000 41002507022400000 
27539501109120000 136521978937344000 
3667916332080 192631799808000 
14385553182000 33476463820800 
1786933597680 231158159769600 
309819387477600 944207953920000 
322999677 26091926323200 
4108066291929600 94428425355264000 
12311475068512620 1464618100300185600 
37067738400 196709990400 
38576377701576000 43208121600000000 
647647525324800 2086864248268800 
1479065035960512000 323823762662400000 
1023868278130698000 2457500186050560000 
18329223192980700 272097792000000000 
8932524400800 232160162217984000 
95568896824128000 22243540999680000 
291136195350 1580182732800 
425184861214713600 379399923302400000 
12121907732625600 208971104256000000 
98194415967648000 45171498645504000 
509359465573358400 2116316160000000000 
3304845180 313103115878400 
1058677074000 7618738176000 
889928710070400 335181234202214400 
6724520 587068342272 
53430920839296000 55657209207600000 
5905399500 130056192000 
1257079824000 3855044793600 
95344200 21374506043965440 
2061378118800000 2615167114560000 
133340985058881600 550926947450880000 
98895624347520 1671553167969484800 
8326896754176000 4984836317629808640 
197667345605184000 260312982670540800 
109169085987561600 32604680908800000 
1971101164032000 35378870458932000 
368349530028480 575041420800000 
51386370296976000 396239479020000000 
3788215754400 1028648103365836800 
2974571600 60466176000 
122772251448000 1023958410854400 
1455587813167488000 140051924812800000 
890870433573120 211555947821137920 
60570750240000 572110995456000 
40339726820232840 3356074023321600000 
160207839792000 27206269009920000 
26466926850 1218998108160 
136950466292640 313658956800000 
227544992438400 1190427840000000 
129722947200 362750253465600 
10138861821128040 3013617490329600000 
7423497847154188800 1676820783052800000 
202164974051040000 34601063777280000 
30885920908920 86664496357048320 
16303626939600 22532235264000 
235350720 4478976000 
82598832255139200 89116750800000000 
428878552093992000 64023737057280000 
847504 4749890231992320 
28062418657553280 1678037011660800000 
9451868916672000 5592661737062400 
192345532454275200 139676866560000000 
124403620 5283615080448 
4143039316416000 118295390530437120 
102004485238656000 75127112937676800 
1256640 2480343613440 
1490752212958296288 2123765592883200000 
53569743887856 616280862983454720 
1493419032659473920 4999151930572800000 
15015 414720 
780285864758400 2048385024000000 
890488576177200 4875992432640000 
163459296000 113891141063700 
58288277279232000 1823720604010905600 
1303638336000 16665280632000 
361365274634364000 6256093330774425600 
229441200708720000 519847713000000000 
1767176346600 40814668800000 
29871844055398800 347560740598579200 
1035706713215328000 444507660140544000 
126126000 2241162000 
45053908502803200 30554314560000000 
29262752064000 2135881049702400 
10487862000 124684618589798400 
238974752443190400 810975061396684800 
2115800856997027200 605266421760000000 
2496144 1451188224 
80392719607200 188049731396567040 
8334973073018592000 1626956141690880000 
1439677167157756800 7936185600000000000 
124106831292444000 327367656000000000 
4878493530069159000 1030823358364800000 
