304820334000 19837904486400 
2415934224063360 19070548180992000 
40432994810208000 12547638512640000 
2911361953500 7900913664000 
3956195377134000 380849837506560000 
225489033000 436396165064294400 
1863271650240 7838208000000 
3376494223502400 6748895915676794880 
1749403656000 100715515084800 
4682459600 356241767399424000 
4727544015723984000 2603129826705408000 
586779142950 7803371520000 
15861259814400 255058771968000 
4646167029504000 44476294291228800 
11255124528648000 18637503192000000 
237371722628040 127965545402204160 
86585055233040 6241270313779200 
3910797436 71328803586048 
245044800 698544000 
16425904141647000 6273819256320000 
4623927808500 11588006707200 
249344297250048 1284858174600000 
31856298941376000 13346124599808000 
11662691040 5231974809600 
1551950400 3592512000 
628821933023592000 274548848910336000 
91080 923589767331840 
27867352312800 126414618624000 
141597998151667200 576348333120000000 
4110158052000 12290310144000 
1843717075200 2697078384000 
29418840 895795200 
1481332903740518400 274611617280000000 
4235837551545600 3456649728000000 
15765750 277830000 
120180060 38220595200 
7138971840 35271936000 
807723671040 7501410000000 
99925936830720000 631610538983424000 
319076175600 1346593880769822720 
10559470521600 19359029289600 
5931026640 6115295232000 
4566115683479750400 2276399539814400000 
143064326394990000 22008159613440000 
883900774149624 1540702157458636800 
3127867348320 2712255741296640 
398253890914941600 316787133358080000 
41309251663680 183936614400000 
2054256994389600 1807273036800000 
122009690880 154168857722880 
650465804009221200 189334902556800000 
47830128471300 1643415634622545920 
9262693440 29967537600 
63756 235929600 
36783720016243200 799864308891648000 
13155340358160 52276492800000 
178103069464320 154872234316800 
6279725439201614400 6450937988382720000 
1083395503603413000 1486635915018240000 
213345576094210560 918211579084800000 
86296438382263200 243799621632000000 
1746817172100 4138573824000 
140603459396400 1083553873920000 
1546033589100 3080579040000 
31821857906160 14979048753070080 
5753926184529600 16090775027712000 
26517023224488720 7908937741621002240 
1284342188088960000 759906429714432000 
15315300 90720000 
1404514556565120 2391175987200000 
57825671904000 31384184832000 
1339878660120 32145253230182400 
1522735465263012000 784425282600960000 
79380695933510400 203166351360000000 
97865461593900 1650122999149363200 
540069287822064000 86996960354304000 
1274412450927813120 791967833395200000 
746632006438500 733303549440000 
1056475025686080000 256468420028620800 
77558760 156728328192 
3248232187200 8001504000000 
133295587286400 571405363200000 
5590320798593611080 8259088416768000000 
24651083932675200 8151170227200000 
2794907475360000 2044800350208000 
21531121920 325467588526080 
11441304000 4490493448767406080 
634182733816632000 824860068544512000 
2700346439110320 2962842624000000 
1851325749872398800 567812328652800000 
39829125407198400 146279772979200000 
65889115201728000 100120377950208000 
5639760982455600 90699264000000000 
217425764392200 1936602686501683200 
29705873738112000 16597405440000000 
188098273440 125567395430400 
831147657500160000 1910459004782328000 
90251884800 2741365186560 
250557309442440 141037298547425280 
557440185802500 1022891950080000 
1374252079200 1936363968000 
5103654769918504800 1242089468928000000 
5869305698256000 1333827855360000 
112971936 815372697600 
24981484207680 1208586181017600 
63960 28862180229120 
16151520 2724986880 
26503432956000 20007417830400 
3004309211904000 5148998959104000 
18739801080000 20341601280000 
25633254366720 22200315512094720 
60540480 209563200 
345463045200 55725627801600 
44915852358828000 214277011200000000 
17790517716491520 43912253952000000 
2986904181862062000 1161552822312960000 
409967240647734000 313587263324160000 
180580442986944000 150242369627750400 
3153773595196224000 330122394201600000 
85444181222400 61667543089152000 
292438194472624200 7934371614720000000 
140560196793508800 150851015884800000 
1186167628800 16448191119360 
464033169600 1163973888000 
215553195 901736973729792 
7535670527041937280 7240848762470400000 
281653988616000 1029799791820800 
815768994192768000 466733043147571200 
154603358910000 195787912320000 
284404589441280 26362874670612480 
1642951423046934000 3345272128261324800 
1481407200 7112448000 
13348227578400 201553920000000 
3290040 13915694039040 
119901530692944000 60071291280000000 
14414400 63504000 
1059735751074000 353072079360000 
4665076416 3139184885760 
70578471600 2176782336000 
5341068185412960000 680029901591040000 
742560 9676800 
45796555346256000 135162510232780800 
4518877440 18137512673280 
25864443421245 140896402145280000 
1917334783 507227047723008 
56858898951855000 11533687925760000 
1367941674279180 443823666757632000 
6251417738197632000 2641187564215200000 
4810280846280 3566440179302400 
1226605161600 7263197061120 
233760278671920000 1016107049837880000 
12601455730839360 280857164120064000 
100616669112960000 33307587016704000 
735880505545785600 664172841024000000 
12403606623408000 3167841156480000 
30358477749600 36883123200000 
11732745024 48648600000 
520935817063662000 305923377070080000 
1623160 391378894848 
1995364800 5388768000 
7494445262304000 51062766147993600 
30065204400 112216156730818560 
4384752915242700 671214804664320000 
555265030320 29222957481984000 
68947358796680 17832200896512000 
883749743708832000 139816543426560000 
1003801518720000 266098702171302000 
52870866048000 1388653314048000 
2050860883500 27556200000000 
69942559570884000 16506119710080000 
2842166854800 31252329529344000 
109324597506062400 100567343923200000 
6446587182750 125971200000000 
1541210625706752000 1202033807002828800 
2075673600 42833831040 
6823067874222600000 1879116443043840000 
2379488529600 249959107988029440 
713897184 15116544000 
661620960 1556755200 
15471286560 120367356051456 
4883920107966900000 4727152302032160000 
2926071992844000 3244641878016000 
24720241946400 54691576676352000 
550187449812000 2648687247360000 
26811656815871928 7925422620672000000 
918785675808000 366802660224000 
1115464350 29859840000 
3353888970432000 1067062284288000 
1701164012167620 457019805007872000 
231230200280679600 4081466880000000000 
2346549004800 3241942704000 
352986462628800 663676747776000 
4402458454680 46965467381760000 
121482331850880 28766348771328000 
1327512969716472000 2499898464000000000 
15872220 335923200 
51022579377369600 7030099912163328000 
607662484000 5511240000000 
12294420138000 254910136320000 
380692197289958400 163421933875200000 
3604312680224256000 583549686720000000 
211394244605544000 697958519537664000 
10496421936000 1891213561036800 
267146572853160 9403699691520000 
85753329742080000 152377070541696000 
280016068623651360 1835352981504000000 
3085542916453998000 709765410816000000 
15084957888000 214383324355200 
1212190773262560 31206351568896000 
2916281163715920 1364965817623511040 
2675709100181557440 8075553118617600000 
7344959303033352000 7983035760623616000 
69668534468 36520347436056576 
925166131890000 6751269000000000 
11873537964288 13232419200000 
29768655896179200 35742418311600000 
9979200 214414200 
133577302098240 194788994400000 
9085146607152000 20918007536025600 
6317655439095000 2661620290560000 
1387860233760 107017666560000 
859201139716920000 225857493227520000 
279351072000 699242544000 
737464659360 554779583447040 
121298984430624000 23302757237760000 
32299967700 426168129945600 
82455124752 179625600000 
1293855833926656000 301267251597312000 
3370032356009679360 1746688315680000000 
27310005266544000 22532235264000000 
1261590179850 31492800000000 
45979650020304000 1333107181486080000 
1339895777220000 881045605440000 
166676231323602000 3948048191324160000 
45650155430880000 83193080914944000 
103363388528400 79214889600000 
6983776800 12573792000 
8604013017600 9725828112000 
10981519200288000 42908733407232000 
719409184157664000 229251662640000000 
2196805500970080 167803701166080000 
23087434930560000 99441729531144000 
177160358839464000 147296440811520000 
84812383805309160 2496508125511680000 
44259912496800 172164671078400 
791569197619200 1176825201552000 
16044839210400 121899810816000 
281378113216200000 4253896207721160000 
273035028843376800 810152280000000000 
213952384800 822918482692669440 
3915147600 267877110251520 
123114750685126200 6328596729692160000 
7402348280638080000 1361304709180416000 
371193132806496000 140601148047360000 
3504963035833459200 3765241356484608000 
750403812019680 15603175784448000 
604404010980 677066377789440 
2877110636400 6437781504000 
46867819798800 1289945088000000 
2544587136000 610251728486400 
346308388191265500 7962300602803814400 
68502634200 702303436800 
10271284971948000 3739948692480000 
669194953026600 227494302937251840 
215760 60397977600 
142108342740 2191721811148800 
1058522281390506240 9103516879678341120 
1726266381840000 4057471401984000 
104089517532000 1373393387520000 
32736 112742891520 
292417194609540000 66904805224857600 
121555344909398400 39736954857600000 
50018544576000 102388135816266300 
95561039292198480 674211299328000000 
66712187646720 4080940351488000 
12612600 49896000 
694374798628368000 221801690880000000 
860375435920 330225942528000 
707989990758336000 2377436874120000000 
17803560618043200 5034546316800000 
28140142950738000 91018525409280000 
65665615631616000 341069691051048960 
7743611715840 11578366800000 
243700686901526400 1736040600000000000 
7434965538000 211894979788800 
32760 2365440 
144509420601000 322653561753600 
228868342560 205473919795200 
4860623590398576000 492982775341056000 
9767520 369008640 
96673577000 352719360000 
2024705530848 4438236667576320 
5437152 81537269760 
6251229804763944000 1855935154225152000 
348463823576368500 202280878800000000 
511140442725712800 8162933760000000000 
700780954809455520 7341411926016000000 
2051179200 31365734400 
686708766695952000 95035234694400000 
1146732471506381760 1868913721737216000 
184756 60466176 
1156075364808000 635529742848000 
4640331696000 4224794112000 
16350208730856000 7355668320000000 
793426114800 39182082048000 
9529720200 8572067528048640 
450539085028032000 102979356480000000 
3909834185400 2201506283520000 
1282554000 1017328435200 
938846628720000 2045783900160000 
1888245216 1834588569600 
121515589759964400 35488270540800000 
60980942262240000 3685972889385586800 
23810570784000 143027748864000 
77315361084561600 1355486888334458880 
141424123863939840 8987429251842048000 
209513304000 308756448000 
5013993600 27675648000 
6792743128114944000 855872873856000000 
4760556688800 109709829734400 
88921857024000 54765047434897800 
19441874424772800 1876827999232327680 
161325244080 314344800000 
247633257966494400 379243855872000000 
1991018683836000 3266533992960000 
40307703492256200 228086736017817600 
19590748675898400 26547069911040000 
189283594500 4087480320000 
5420365246296000 179456735969280000 
219255672636000 91537205760000 
52677670500 890604418498560000 
340368304320 226021311774720 
2157204642793200 843812897292288000 
1701196523663313600 8032514893833830400 
1811950668047520000 723091618529280000 
71479758682332000 13181357629440000 
184800 2079000 
283345792329600 130767436800000 
2534272925184000 292080252986121600 
30489554510415000 246753011957760000 
88344776520 168129561600 
818007190000 2160406080000 
2838396235676601600 571878692985600000 
8825652000 43893964800 
1882127847600 8471592360000 
605792753280 3367980000000 
176033742885000 1063807628083200 
1489262950008288 84257149236019200 
5018962147699500 812479653347328000 
112855188128032350 4068383611944960000 
514315228084257600 1311206134933094400 
3212537328 41990400000 
3159405333759074400 1940764795200000000 
584681793696000 244535106816000 
388181593800 5038848000000 
20921957152096 19972065004093440 
113257688544000 439019911249920 
927937230894273600 215102374502400000 
10151569768420080 226748160000000000 
1086388102800 216682818070118400 
8190946225045584000 8601250651176960000 
40089169510790400 3596451112959344640 
244432188000 399567168000 
821702797755840000 130092676826112000 
15477078622905900 386983526400000000 
2668796931600 501530650214400 
103563687902875200 1359209979445248000 
23604426915300 1086127314370560 
603983556015840000 389357025361920000 
3772931598141552000 1451941027891200000 
748512165353752800 7464656815128576000 
2354657722560 105202646935142400 
4054050 31046400 
198421423200 919683072000 
26085803103360000 110924107886592000 
29654190720 99632332800 
209005142346000 662171811840000 
308897820000 830269440000 
2059318800 12773376000 
332239463127000 778003380000000 
178474296000 384072192000 
338612646231459600 3554598483394560000 
20113277184000 130429015516800 
5493670133567616000 728603465990400000 
27906522724080 5009649854054400000 
310080 30965760 
34729054470910800 53094139822080000 
278761641238080 3531582996480000 
24812567780 1690756825743360 
8122699850265000 2788364113920000 
42952978380312000 1016615166250844160 
24094029960000 43472907878400 
279168168631552200 296284262400000000 
17981941477500 78683996160000 
2163130144560 376147987660800 
9034247277905850000 3401717082603840000 
652740 593736278999040 
200708381691417600 1186329360177561600 
8821131701093712000 3260484855936000000 
1058261786181600 32362142367744000 
4807426183560 225434243432448000 
32509 1945555039024054272 
30284100 2388787200 
201698634101164200 7383362851307520000 
2084255693520 10958609055744000 
1980890673161400000 3468312063446630400 
10810800 39916800 
752851139040 3850723800000 
1030162753620 81824280949555200 
5300507520 111615462604800 
683726400 5535129600 
4916457000 653996851200 
4665345555024000 4399821296640000 
69193111680000 205602388992000 
455832543410244000 1154903947797600000 
228584545815225600 761409294041088000 
16263470223000 251176801075200 
349712797854420000 73527260526720000 
2458884027600 25282923724800 
17821718222708400 1523399350026240000 
783055973700 2939328000000 
22238147145614400 15772564684800000 
966111606031017600 6178857610641408000 
430060035708576000 102638053469952000 
514594080 2245320000 
482362479799200 264804059520000 
16996346640 4166977270579200 
43362921970368000 733208949817344000 
12721647818880 12259447200000 
8169115277980800 6035420160000000 
2611188890646336000 1591067672498304000 
188844910841386800 138764682856800000 
41101580520 895795200000 
14987691336618000 13862605680000000 
79246770753150 292492675205038080 
36004619188137600 24196548096000000 
199122184900782000 1188718437060000000 
7170010848000 15849497664000 
113413101577554240 1853657283192422400 
153265500067680 23971957309440000 
5469990520922928000 3082925414368800000 
118801771200 7313988648960 
4621574578420800 89032515334963200 
508850614958400 18807399383040000 
234772227930240 174356582400000 
86287136628000 1753377448919040000 
26714657285316000 27811216097280000 
146879375098856400 717543872892000000 
10884978372153600 249753549511065600 
7433643766348800 124876774755532800 
20463862779360000 41596540457472000 
185545261440 1683935043287777280 
13042901551680 25604812800000 
11779303536000 11618183808000 
6890892568560 14549673600000 
6447276234973728 4853211795994705920 
49113270670464000 18829203224832000 
186688233049472 67405719388815360 
19848628800 130363833600 
254336580257760 203695430400000 
396945855521439840 2340476367667200000 
10295472 2348273369088 
571838069458656000 72026704189440000 
336490 176947200 
7410154752000 361008882234000 
57302939877002820 169305292800000000 
4271673699922028400 3555411148800000000 
17256673029024000 90296156160000000 
43262602891200 1287262002216960 
5079110400 23524300800 
60295309974900000 118990103712480000 
154440 1411200 
67237669894730400 3826375200000000000 
3758385608277300 253899891671040000 
128836132425000 911166822720000 
47206130400 6421059993600 
3698952547197600 13713728716800000 
4075906734900 10241925120000 
705432 362797056 
20649708063784800 17823350160000000 
94185093793190400 64362486988800000 
15249015185564160 6052664217600000 
1685417467878144000 828988832415744000 
481880599200 1149603840000 
42097089146112000 8869955238144000 
13518482428170720 4142354223071232000 
115446740310720 18307726253752320 
505834582610857500 657412856100000000 
34730098545542400 9170066505600000 
2181943391872608000 2342816844034867200 
55213620 14495514624000 
1027016572982400 6554832076800000 
21572046427932000 8531885961510912000 
2511890175680645760 6582589784064000000 
60398355601584 1733686198272000 
105591530772000 4680952735334400 
74066645187025920 94097687040000000 
30286238493551040 202538070000000000 
585399446599968 11771943321600000 
62475 12666373951979520 
539106597469440000 119620820487168000 
70579794285000 4812099782490000 
42886406344320 1412633198592000 
10708457760000 29834348544000 
777512736 856141332480 
38361475152000 286055497728000 
8655557616000 95996101017600 
335302367400 4414478745600 
725762700 229323571200 
20574068107507200 17283248640000000 
9459450 79380000 
279904584960 488201382789120 
57457413677664000 75879984660480000 
6288541819560000 1600593426432000 
859190163466320 56171432824012800 
33129291195000 43568189280000 
1222638777360 115579079884800 
76329886913280000 116212252825468800 
1146826761889536000 189070098497280000 
5249244000 151732224000 
448806242393308800 145263941222400000 
171609900 5971968000 
3426630367366206 2924926752050380800 
8577571041879840000 616228469176320000 
357941486502600 50779978334208000 
8130792301632000 66714441436843200 
4721057332992000 52634211581952000 
55127140548480000 25501121309664000 
20402664730648200 528958107648000000 
127512000 133827133440 
25893995727600 53648179200000 
195350400 6273146880 
55135080 228614400 
916481215698048000 331257656733696000 
550658881700928000 669891222000000000 
1359092262528000 1219499753472000 
354675393072000 893931945984000 
34485924561660 118352977802035200 
14429646831600 93187515960000 
15741432907200 32006016000000 
942344282880 1056198528000 
96101544000 256048128000 
15057022780800 24314570280000 
2254848913647 184884258895036416 
470979407940121080 1974776935219200000 
4502049811459200 5325000912000000 
234711657180 5573836800000 
130363833600 286053768000 
13938082061904 1525643854479360 
280991734367984640 8792018702649262080 
131322400730801280 3661545250750464000 
31570220989747440 3264752281190400000 
3279737925181872000 1084115967492096000 
33924394183680 42908065200000 
47117214144 244944000000 
3654261210600 7407106560000 
4012898733043200 3586763980800000 
6358402050 1385067991648960512 
2450448 26127360 
9294581624328000 36169459354828800 
416965258980270000 82854247956480000 
99942579934243200 4284007943378042880 
37642556952000 249979209480000 
42526651280256000 49497518070000000 
126016167158481600 72589644288000000 
5966782311002198400 3318383738880000000 
164745504 3065610240 
63804560820000 44134009920000 
51780667510 13526054605946880 
770346372896100000 346153028981760000 
34787610 759982437118771200 
15041980800 94097203200 
164722788004320 4643802316800000 
959212245543552000 650538808920000000 
63250200 531987705983139840 
366071758315754400 7440174000000000000 
813082255011526500 738045126403200000 
7083644808240000 3803879439360000 
10686184167859200 11131441841520000 
2895789069460560 87377784392908800 
5420548366743510000 808799865793920000 
399651272988327360 925888320000000000 
292486494300 3462669979122401280 
96795146448000 134926567776000 
1073824459507800 71091969667891200 
5695564933229371200 1877257086566400000 
7710089587200 8966909952000 
166861633138200 968301343250841600 
10308070080 51951924412416000 
28496491114291200 41085139887792000 
844757641728000 21371725828252800 
1839701263864464000 1640100280896000000 
58713532495200 1755357275750400 
2203740 1013309916158361600 
381637961218800 15798215481753600 
801039198960 479439146188800 
764183601912931200 254168307993600000 
983553611040 23838185226240 
196983601096201920 5126163351050649600 
869045298953832 1278504389836800000 
6194889372672000 106858629141264000 
866716402882730400 1061882796441600000 
34306272 340200000 
42366963232994400 617038181144985600 
179300453052614400 7652750400000000000 
104083080332400 3510714551500800 
2327925600 5029516800 
5177786302935792000 1752106614128640000 
54036871993843200 2358012678871449600 
1315600 1981808640 
500914882868400000 1902437620328044800 
10546208400 126978969600 
35626500 79272345600 
116154607858789500 108920473200000000 
31824 4478976 
111241088758800 148002103413964800 
2162587608134553600 840998077920000000 
33891580800 69759664128000 
2457900473988960000 540644890705920000 
184903255096560 337525158916915200 
2541502530927360 2073989836800000 
949260822204895200 853298675712000000 
875172172666952160 312876181094400000 
211735414800 3047495270400 
142942800 1111320000 
21588250844160 20113277184000 
1509958890039600 9535274090496000 
11363952600 3077928870331023360 
835665600 9483264000 
2665911745728000 3268438677504000 
8481098545920000 6098094226224000 
417265168320000 2423467081728000 
5964826992900864 1925877696823296000 
2363772007861992000 1501805669253120000 
343387584540 35067548978380800 
65637978588000 124439390208000 
185136 3783023686991216640 
1861578687510360 100306130042880000 
342491250157056000 2129317029547868160 
28334579232960 104552985600000 
124672148625024 992844953100000 
56100780299163600 53331167232000000 
15928149470688000 11292874661376000 
59199031611720000 33555650768640000 
3188886459110352000 7378569708385075200 
2055079026000 7725337804800 
2117918775772800 1936852549632000 
326398611330792000 242287541496000000 
79722780277140 42190644864614400 
23107872892104000 133548773002444800 
2048254913359200 4686777920960593920 
159538087800 961852771978444800 
55358240901600 852141440174653440 
34337160 22932357120 
5279735260800 11565134380800 
7043166837907200000 6427541884667904000 
61004845440 45343781683200 
201327852005280 10319560704000000 
147298862224800 3224862720000000 
2876963092264800 9142485811200000 
702257278282560 1287556300800000 
761367732631506000 422382844477440000 
1558401857812800 3145842259560000 
39690347966755200 135444234240000000 
23491679211000 16812956160000 
100182976573680000 196803891758073600 
1724719934872935000 852852146065920000 
331064875791936 781129653493432320 
313153417127295360 7489524376535040000 
1930526046307040 62412703137792000 
528237512843040000 129529505064960000 
1624116093600 3200601600000 
1397453737680000 685968611328000 
5720652000 792440020370718720 
26435433024 7134511104000 
50885061495840 3761479876608000 
6417929266224315840 3252016064102400000 
31062011452243200 110361968640000000 
2530881913560 11741366845440000 
58075341924600 1213580338790400 
2934652849128000 800296713216000 
2450484533952000 2053249938432000 
31980 12369505812480 
8075760 1238630400 
13251716478000 12945976243200 
5361415111833580800 778523934988800000 
42722090611200 25392517742592000 
1294250477176800 20065812480000000 
6566033355172200 139314069504000000 
593083814400 3575693721600 
3260725387920000 988601822208000 
740703600 3193344000 
923497397222400 5849513501832000 
101719263360 293534171136000 
7207200 33264000 
529867875537000 298753297920000 
35289235800 1088391168000 
371280 5806080 
204434193600 1269789696000 
28429449475927500 9759274398720000 
146930615069238000 155196518400000000 
140312093287766400 3691681425653760000 
7057847160 435356467200 
5866372512 26195400000 
375538651488000 557941063680000 
159301556365976640 226276523827200000 
3425131710 193491763200 
1222772020470000 597506595840000 
11657093261814000 4325132972160000 
997682400 3429216000 
62630683425459072 5349660268953600000 
1171305310181518512 5417769369600000000 
89303282925199200 165542952960000000 
29825664485760 263006617337856000 
876950583048540 342456532992000000 
493362138080 1069932053790720 
1189744264800 65778712628428800 
538751454783360 20804234379264000 
330810480 838252800 
330871947542640 958659120196485120 
2441960053983450000 3493982136284640000 
275093724906000 1685528248320000 
95412358641600 95035234694400 
1676944485216000 533531142144000 
5485409629251552000 1766707502579712000 
4128840588600 141717600000000 
626393273606100 162735344477798400 
79646183210880 11466178560000000 
156887896421037600 5101833600000000000 
105697122302772000 458838245376000000 
479001600 7420738134810 
6645408 163074539520 
139143023019000 220760860320000 
5936768982144 5448643200000 
66815282517984 44030125670400000 
1533421328177138400 1279948013568000000 
4989600 61261200 
4542573303576000 11263542519398400 
620180331170400 357275318400000 
176076869568600 7574590579330252800 
60649492215312000 12449059983360000 
674446110147810000 495588153060000000 
36991422468000 50214695731200 
88580179419732000 185064758968320000 
7480104039888480 20316635136000000 
42859602340354800 148326485852160000 
23433909899400 696570347520000 
185504 144955146240 
454280626800 6376469299200 
11972188800 41493513600 
475176173472000 1945374580509059700 
19638883193529600 10894795591680000 
15557374800 6269133127680 
1085315579548200000 727254200312640000 
327314719892160 14171760000000000 
14783258730240000 1028514305484666000 
6306300 31752000 
8901780309021600 3203802201600000 
312561490238197200 231760134144000000 
850609128319750800 248417893785600000 
97110140400 8533969450146201600 
3871805857920 7491884400000 
482320623240 82170781731127296 
7997735237184000 11112691503513600 
8447576417280 259926395208480 
1025589600 12915302400 
7376652082800 42138206208000 
343354383347976000 55020399033600000 
92378 20155392 
2320165848000 2715939072000 
54460768519872000 25219434240000000 
5551761210478560000 972360506557440000 
230080173960 2348273369088000 
255113258400 2709999452160 
308756448000 2566537974000 
469423314360000 1716332986368000 
257951310381765000 495545305006080000 
7632132100374862080 2270694810384000000 
30490471131120000 2259144674139553200 
12837707162280000 91651118727168000 
26705340927064800 9349871731200000 
102661518960000 1552755474270000 
1470942000 22394880000 
3396371564057472000 544646374272000000 
12906019526400 15283444176000 
9720937212386400 853103636014694400 
123816628983247200 222489728778240000 
443497761907200 3228118134040800 
858374060544000 61055685435064320 
4077276787584000 1757514350592000 
2698531355520000 3957845988096000 
94641797250 2601123840000 
6425074656000 3923023104000 
38244492000 156764160000 
35739879341166000 11153456455680000 
92400 1323000 
13728792000 113799168000 
1267136462592000 49867360265923200 
4412826000 41385738240 
2589399572760000 3003582726144000 
2743014549782707200 5931646800887808000 
459377318400 2485980758016000 
35730554059200000 88392648472128000 
250110683222400 986680689426432000 
327851203680 23887872000000 
56427594064016175 2588971389419520000 
152655184487520 5266071827251200 
691393903200 1078831353600 
831402 33592320 
543194051400 183346999905484800 
3221473378523400 169266594447360000 
403788000 35424829440 
61138601023500 80655160320000 
51781843951437600 755116655247360000 
1886465799070776000 933466086295142400 
64933410742200000 478248686075160000 
1471442973 253613523861504 
14827095360 53648179200 
4694233143600 30656102400000 
141728287071571200 156223497830400000 
1029659400 8128512000 
586639433630250 1543147200000000 
192758365800 38220595200000 
155040 22118400 
626994244800 488317648896000 
16951023048960 9040852470988800 
17364527235455400 34131947028480000 
460283057346112 55477958344704000 
13348208663037248 619173642240000000 
1142533605312000 6667614902108160 
7501475765716732800 2209446612172800000 
354817320 1114512556032 
5405400 19958400 
17603374288500 163662712012800 
341863200 2980454400 
35521200 21799895040 
240672588156000 276531978240000 
114292272907612800 346095133655040000 
45143585625600 868347526187581440 
772211512800 12189981081600 
1157635149030360 17414258688000000 
471435600 1253826625536 
65685214314720 13561278706483200 
9753573309480 193491763200000 
347373600 835884417024 
18002309594068800 46294416000000000 
5616720593349465600 926814208320000000 
13412094696000 46352026828800 
2310787289210400 68083688197324800 
829376615067000 63474972917760000 
3716821883174400 51419848428748800 
6521450775840 18289152000000 
3087119870714880000 3820918009564656000 
3445446284280 9258883200000 
2739009325852800 915372057600000 
1544598163171103040 3501015210000000000 
675808627542048000 161824703040000000 
93344116524736 48146942420582400 
400719859279740 17378037029928960 
4296005698584600 5333116723200000 
21631301445600 585119091916800 
71241227785728000 150645512921904000 
173343280576546080 424753118576640000 
3638969532918720 4600331366400000 
88118110080 38843449344000 
6939301168800 267544166400000 
247520 6912000 
1734575477357923200 259507978329600000 
10324854031892400 26464974480000000 
240940299600 731566080000 
21048544573056000 5135237243136000 
6759241214085360 2958824445050880000 
1232554196633760000 194294257597440000 
1090971695936304000 1982383483414118400 
17607917094768000 4315325414400000 
5506588817009280000 6363966609000000000 
1255945087840322880 3291294892032000000 
2326973359387950 126385723854028800 
393426897586222500 479729332162080000 
292699723299984 7491236659200000 
7597209056837400000 6987964272569280000 
5035864289103648000 776121083337600000 
388756368 611529523200 
75925868074056000 81950383433318400 
45403469511400 2705210921189376000 
14286534113451600 94389581905920000 
6112079821247400 1342429609328640000 
78760104474051000 48393096192000000 
4288785520939920000 392145389475840000 
4990586788002816000 832689675417600000 
947388951600 19887846064128000 
5251033036001712960 6477266563891200000 
679546131264000 502146957312000 
18503322637800 275562000000000 
691891200 5587021440 
305795759068800 581055764889600 
3543234678984 19568944742400000 
6807596064984000 9699782400000000 
3499009166268000 6399740067840000 
65181916800 169513344000 
140495867183992320 867199824691200000 
15785110494873720 1757943536025600000 
165088838644329600 311485620289536000 
16962197091840 18101949465600 
6212760698273088960 2941594809753600000 
18821278476000 134604189720000 
82372752 1393459200 
17393805 455989462271262720 
31625100 379991218559385600 
60258625455600 2149908480000000 
48397573224000 64530097632000 
135207800 21767823360 
1229144716800 1716322608000 
269128937220 7312316880125952 
281015317440 14332723200000 
17153136 729000000 
2508067240848 91300868590141440 
505974629160 2438553600000 
1132469167529700 12039487488000000 
65116800 1107025920 
1163962800 2794176000 
250457441434200000 1246424647801132800 
1590205977360000 791960289120000 
676771317894672000 806367248547840000 
11438408520 11007531417600 
12858792567192000 30862944000000000 
58077303929394750 69313028400000000 
31465 10871635968 
1682599164246000 6136821071216640000 
1081293804067276800 482321679840000000 
1014901083196000 2367059556040704000 
7227397822324680 15878984688000000 
92568 1621295865853378560 
13154258745728100 1054766121615360000 
171245625078528000 63075237249024000 
3784576448753100 68024448000000000 
241178158821600 1184016827311718400 
705507857454400 16181071183872000 
1058959387886400 1042920603648000 
269764387200 2666230485205647360 
11553936446052000 102125532295987200 
1024127456679600 2130353600436633600 
49729680 17836277760 
42546038040 61642175938560 
2976321348000 9299017728000 
3521583418953600000 1752965968545792000 
5311189499616000 152715495053721600 
11115232128000 505412435127600 
30502422720 18345885696000 
1146734096508000 853649827430400 
72478026721900800 119190926131200000 
2111894104320000 205702861096933200 
78822257177664000 8084614898987827200 
165532437895968 355058933406105600 
264118756421520000 61948893726720000 
812058046800 2286144000000 
89926148019708000 40456175760000000 
15531005726121600 70230343680000000 
18123840 226492416000 
3904449910930800 56478620347269120 
110819687666688000 1609482807596664000 
237918897216000 1236054048768000 
309735156931200 8475799191552000 
1630362693960000 836509234176000 
370351800 2032128000 
6839708371395900 1035588555767808000 
3603600 18144000 
781427217274704000 273226299746400000 
432432 2993760 
185640 4147200 
3793250038780800 52660718272512000 
4381203794791824000 2091800753602560000 
5828546630907000 3659727899520000 
611386010235000 1514666926080000 
21681460985184 2140353331200000 
383163750169200 130513989795840000 
938783501956300 2536135238615040000 
1649102495040 1525620096000 
47606217704845800 1586874322944000000 
6668938785600 260052929740800 
838472242608000 313841848320000 
291441386396160000 2735580906016358400 
47706179320800 55020399033600 
19253807052480 272097792000000 
2742704814625776000 608370352128000000 
2431106898187968000 623360743125120000 
239500800 401120980260 
6502833792000 240888840192000 
1125605718029520 21844446098227200 
2968384491072 4610390400000 
310090165585200 147113366400000 
15405248594736000 26781171056640000 
47369447580 1565515579392000 
22743559580742000 5884534656000000 
192249407750400 22853265968332800 
3634348619226124800 2156625369360000000 
4065687853522626240 3718756895293440000 
5986094400 14010796800 
3153150 22680000 
601304088000 1142942337073152000 
