1323169755164056800 966069586944000000 
308246045599800 4936942338048000 
21416915520 43110144000 
863133190920 4877107200000 
787924002620664000 955694516797440000 
29566517460480 180705224700000 
16764561795421440 1904003530390241280 
24158418265800 46878494294016000 
22858454581522560 157315969843200000 
10569712230277200 65548320768000000 
23918800651200 53775593625600 
1284489294382148400 4518289627781529600 
3838380 12524124635136 
6358414506444000 1765360396800000 
28696850 189995609279692800 
3776965920 811748818944000 
92626934400 293318625600 
11325768854400 62705664000000 
33315901819200 1578689103082291200 
1294307049420 389639433093120000 
2199889692000 3396320928000 
563453347032576000 5471161812032716800 
48719098680852600 51619302604800000 
39014293237920000 21950995562496000 
3423761657316000 1281520880640000 
3929344448708764800 2124467896320000000 
428766648710400000 990450958521024000 
6933731223061843200 4049313063763968000 
43506727578943200 734664038400000000 
81930015799632000 41845579776000000 
38335533204428460 705277476864000000 
2144320317216 458647142400000 
34754081648 317016904826880 
6077767245469920000 1736504927277120000 
105647502568608000 28158588057600000 
73629072 4809263859892224 
468957531042000 656298920116224000 
746150004152280 585847240120074240 
1283770716228000 7651763159040000 
113385191376600 7705271992320000 
83390234558400 6801567252480000 
112661595446400 490988136038400 
6994255957088400 2912844654720000 
8580495 663552000 
38955840 3623878656000 
423221115240 77052719923200 
3912870465504000 1208291116032000 
268243976 500964985405440 
43936110019401600 4963260583378944000 
57280075981128000 46664771328000000 
792540 2705829396480 
161911881331200 118562476032000 
83426304143982800 5159780352000000000 
2312302002806796000 5714053632000000000 
73362558852752400 79996750848000000 
492775291008000 3423761657316000 
445257673660800000 753227564609520000 
843291048600 2299207680000 
93814013878200 8157124362240000 
3062618919360000 1283809310784000 
930240 113541120 
3867952309650 83980800000000 
225568798 250482492702720 
26202257581500 28970016768000 
868252463638560 1581363907200000 
134889222029562000 131482571220000000 
154206692640 21403533312000 
6113468815303449600 2138004002534400000 
7568434311942119616 6674691863347200000 
5081745188520000 102502026957330000 
255366283011840000 1428229933498368000 
1524901518556416000 182467650613248000 
26685776574737280 25406375500800000 
1492877907120600 29621654028288000 
24067258815600 70543872000000 
3853584549360 15872371200000 
79934353795296000 47198871720000000 
26255191435200 55870746624000 
957623561294400 2503009448755200 
247118256000 448345497600 
1783806066787704960 5768252227584000000 
1526019481546560000 195139015239168000 
4410806400 9081072000 
88217443222272000 21608011256832000 
1271617686781041600 653306798592000000 
13852460958336 134775333000000 
23376027867192000 205004053914660000 
277832435767286400 175210661412864000 
9665944204268352 599298932736000000 
154872810478386000 133978244400000000 
789320421489600 294226732800000 
240757734673135680 5436839917780992000 
1511640 67184640 
191479111136913600 152771572800000000 
1545092960400 250765325107200 
2083805912732544000 637528032741600000 
1948002322266000 22986724580820000 
6057075024000 114422199091200 
25815032100 175575859200 
510225793773696 125567395430400000 
198089067316140000 1865992455187660800 
31081050 10616832000 
346311523958400000 3568853182062168000 
62359143990 812479653347328 
363242880 1362160800 
29260719928440000 17845530329088000 
78496567990020180 1410554953728000000 
171256585500 1504935936000 
110308269571500 2015539200000000 
64250746560000 125149280256000 
302737801478112000 122071925322547200 
222976074321000 225322352640000 
34694360110800 2507653251072000 
463067980607232000 102004485238656000 
20583763200 97772875200 
78237219060000 260372496384000 
533792397600 136031345049600 
3204950789040 189364764483256320 
396581421600 11608008110899200 
1480086414240 3209796161372160 
523886186670 324625310542725120 
37104806138400000 38588998383936000 
8193001579963200000 6962620925804544000 
2605569573894487200 1355006693376000000 
1411697171362023000 1911389033594880000 
2047904931945600 6944162400000000 
1089958017240892800 777746188800000000 
9441770766120000 16799317678080000 
866117309881824000 189811549863936000 
246843433316319840 104292060364800000 
299213156700057600 1000716621552648000 
36980651019312 182643484262400000 
494899856476945920 304876506009600000 
22777937222040 18081704941977600 
423478765710000 11493362290410000 
2709514080 928760463360 
228713284800 1333115242602823680 
107941254220800 154201791744000 
141293822382036324 4513775851929600000 
13974537376800 14485008384000 
4158822323335680000 354798209525760000 
1362160800 16295479200 
3850761410496000 1520925880320000 
627015427038000 2039489180467200 
4762841756010624000 2703868231680000000 
56977200 580608000 
99062115297600 3408565760698613760 
1389162178836432000 506164132970496000 
92561040 495338913792 
1422468764542800 69512148119715840 
1322375535623142000 543187814400000000 
7433894902962528000 1132772921280000000 
123545261920080000 31635258310656000 
19219200 148176000 
136288073220979680 396974617200000000 
1432001899528200 3809369088000000 
50988566336837220 1700611200000000000 
13304932857216000 1782758129506754400 
2868015008859000 13502538000000000 
851858407404740736 3250661621760000000 
137817851371200 128619114624000 
2787616412380800 12395856317644800 
19205386200 45265651200 
1190746235847168000 1138442915610000000 
315377359519622400 58256893094400000 
739614368842034400 2571324134400000000 
3815048703866400 1429101273600000 
89237148 3023308800 
450242287211808 18575209267200000 
51894833760000 123361433395200 
3982538909149416000 1626173951238144000 
28409881500 6649846324789248000 
92518293628800 7522959753216000 
18436616484 79254226206720 
1885619736000 18642028204800 
783029520 73057393704960 
635467140 2201506283520 
10938108564110 2921627794884526080 
601791492144585600 1729044999360000000 
39773834100 5129881450551705600 
6227380051200 45888069427200 
368145360 12468461858979840 
4095473112522792 252771447708057600 
4996296841536000 18211196318515200 
281900150532000 129459762432000 
63537563273184000 15817629155328000 
176255250118627680 1578596520362400000 
2037822938434483200 493385539046400000 
12700847250 1486356480000 
4360055661561600 2451889440000000 
2150667659027160 1597765200327475200 
138627410777856000 22408307970048000 
10790595161280 362042438123520 
226493833505940000 259571350241280000 
7194091841576640000 2177890795080000000 
4388959713600 732476473344000 
38000934972000 264868724736000 
10626000 2477260800 
11330124919344000 8799642593280000 
3064734192019500 7890198520135680000 
34845205154760 963158999040000 
332241287771713320 5441955840000000000 
13274363868480 2938277053071360 
7900127484480 470877732864000 
6313692924000 1714413505609728000 
782883542818238400 8238476814188544000 
291628116371592000 8531036360146944000 
490804314000 969978240000 
2533395664800 48759924326400 
840166125926400 726319706112000 
112407685024635000 101140439400000000 
38433052627200 5395910020300800 
140792940288000 652145077584000 
5589814950720 10973491200000 
49634071760 897729253846548480 
148902215280 1496215423077580800 
1896094651362912000 976575402580377600 
6699478886100000 13998835730880000 
13621040853420 1623126552713625600 
5025027035367939600 1629563443200000000 
55177479298656 253613523861504000 
774361171584000 1956435232752000 
9136412791578072000 3252347902476288000 
8327161402560000 45825559363584000 
859544098155042300 921773260800000000 
971471287987200 1480337200742400 
4578058444639680000 487847538097920000 
3383531970 974098582732800 
512936840057241600 7886166830625283200 
1425060 22649241600 
3717832649731200 8346798312652800 
546063081669705600 2317071603990528000 
1677106640 10820843684757504 
19571177498400 1253826625536000 
1441366080 25367150592000 
958987697421600 13060694016000000 
279081149026680000 113250321344160000 
4457400 2902376448 
3746990 27831388078080 
145967142921600 16780370116608000 
29448258840000 20595871296000 
6741884167200 40628028388147200 
9669554100 80244904034304 
17716035883946400 27533103936307200 
19380 8847360 
9516755888640 11228631804149760 
891887915368335600 3085588961280000000 
3915279868500 5761082880000 
89356918530559680 114328689753600000 
3205758874237920 28963395049881600 
1674848325150 14089640214528000 
178944809787025920 6740571938881536000 
83114765750016000 371419109445384000 
34001495079552000 12952950506496000 
327637849001823360 1544714402660352000 
2258553417120 14119320600000 
295370903646000 430204749004800 
86486400 259459200 
34368045588676800 32665339929600000 
106297191000 715309056000 
157134978000 519437318400 
49699896548176 4211894522952548352 
5209358170636620 72559411200000000 
264180 1159641169920 
749398 16698832846848 
12760525830889980 2751882854400000000 
29937600 2036934900 
19827718608852000 18303256594022400 
23426699465584800 57597660610560000 
4151586700800 12514928025600 
2528126201817216000 426824913715200000 
1309458150 7348320000 
19448 2239488 
46262007792000 412018016256000 
927983760 3343537668096 
2934972303120 57861455814328320 
3159461968 190210142896128 
147339812011392000 32523169206528000 
40360320 149688000 
385504479360 663896217600 
6823067874222600 3835844812800000 
131486998905250560 4591650240000000000 
888030 2293235712 
13236545168 39627113103360 
24463660725504000 11585247657984000 
4511375960 1623497637888000 
8268791731200 24667017235660800 
2006784668889000 1534337925120000 
7410739518000 26665583616000 
4055544728451216 2485412533842739200 
1987690320 1096311877140480 
810103931733096000 96035605585920000 
5846817936960 26138246400000 
755341661289600 1599935016960000 
1111907357280720000 158176291553280000 
244527755472 69347447930880 
77436117158400 96795146448000 
4862067625927512000 1314079960596480000 
42671977361650 6655833320221310976 
121002614688173400 1741425868800000000 
88256520 2687385600 
369395614070683200 8132921330006753280 
820474732350 13408979189760 
25944589440 822233907855360 
132763751357328000 286708355039232000 
986650526862000 623324782080000 
102346018113339000 115290151693516800 
15643718230140 1180980000000000 
20721209799360 7489524376535040 
41635807012800 980995276800000 
544841634136800 5680942934497689600 
63011520 342921600 
121220677597662720 6590781451350835200 
68969475030456000 2094882713763840000 
157518196635492 72220413630873600 
362445041205505440 9069926400000000000 
247365374256 419126400000 
2945832479029440 2793537331200000 
37363157042400 1170238183833600 
109994484600 230519520000 
31274521950174048 260052929740800000 
12741489961200 85329867571200 
27322629974640000 233249056898457600 
174630852035640 195282413373358080 
41557382875008 296505732600000 
45030726661536 2497078886400000 
2810970162000 3688312320000 
2563325436672000 585841659346944000 
945508803144796800 1072718335180800000 
5604013080694828800 1435303386316800000 
61722204322521600 27159390720000000 
23021845626780000 13313578037760000 
2401174215490050 369853055631360000 
42236612308800 1716349336289280 
3613576830864 1528823808000000 
43156659546000 59779399680000 
49473074851200 27788080320000 
1657656000 401481400320 
5040996755558400 9384050602967040 
45414917385037200 158723712000000000 
152797156293600 37915717156208640 
78257409310080000 106001440376832000 
446516414625996000 827714764800000000 
129024480 371504185344 
51206259874770000 169642695720960000 
231276730314389760 174668831568000000 
52829501456160 144653639535820800 
21924 7046430720 
67948150051782000 96412215803904000 
694601970910848000 160292762517888000 
10272403060920 96435759690547200 
3752687330822430000 538552611717120000 
288616850776800 30091839012864000 
1489281975509328000 621108106375680000 
34631152395840 78664786200000 
2200749799248000 6180270243840000 
3387830125680000 42206716982430000 
91697908302000 1059474898944000 
7064905007160 26453952000000 
7963431225750 23176013414400 
3235806964189800 1406354828820480000 
882627521812058880 3890351248560000000 
6214558974624000 34343823057223680 
57183806945865600 15692092416000000 
7733190266802000 28217548800000000 
80472568176000 1011733128806400 
7613843945799168000 2111411385667584000 
1242736020240 67630273029734400 
12038696199129600 14347055923200000 
862883430315706800 1111065984000000000 
4015671660 16460236800 
2457900473988960 13382782156800000 
374016445875072000 807029533510200000 
645090053562864000 225803717633894400 
1158727065271776 2557008779673600000 
208374326825464800 125150472437760000 
5853994465999680 35708228075520000 
3991694850 481579499520 
1201800600 148635648000 
217063115909640000 52269379081920000 
185782348752000 442451165184000 
41871060 3039929748475084800 
146732642456400 90531302400000 
21480028492923000 11732856791040000 
618624820596182400 136883329228800000 
8600493536297863200 5784732948234240000 
5160720428502912000 2626453768267929600 
50475625200 735746457600 
28781143380 270826551115776 
30613547626421760 4218059947297996800 
65904165029102400 922920356413440000 
118755 4076863488 
223534911600 4904976384000 
756097002950889600 159697217433600000 
1662280263318074400 6777434441672294400 
3841077240 12933043200 
821989454932800 6436310011084800 
9894614970240000 5666915846592000 
1079059516128000 3359863535616000 
1442227855068000 9026387107035217920 
21840 829440 
208632584160 11943936000000 
9744696561600 9340531200000 
54396360988200 2962165402828800 
680680 9331200 
918931700232000 684416646144000 
73344957854968800 5484783832399872000 
492777124249410000 66024478840320000 
8834477652000 5884534656000 
3675142703232000 2081724188544000 
6903067442525654400 3266533992960000000 
848244646368000 1935921370521600 
4461857400 41803776000 
4116752640 16540524000 
5093594655733584000 2355610003439616000 
508673160515520000 79829597143296000 
1534789708452000 640760440320000 
19180156884439320 1516628686248345600 
711011473603200 43938124451020800 
70013843827200 167612239872000 
13793895006091200 483434472407040000 
18668849760 9403699691520 
486046860619320 255931090804408320 
1120064274494605440 2884126113792000000 
181064683800 21430168820121600 
78930686767240 259993489071144960 
615969113760000 8441343396486000 
1097450640 43740000000 
839310714850608000 142552852041600000 
1989087462153792000 1574431134064588800 
2701843599692160 48563190182707200 
499629684153600 3433483468800000 
346903375762944000 7176560327000064000 
66096903600 2841120866304000 
22571037625606470 1553382833651712000 
8072064000 247648401000 
3459655584000 4234374144000 
36389695329187200 8892185702400000 
643780545408000 21053684632780800 
480536192822400 1097349120000000 
2134862125978982400 311226499584000000 
335885501952000 841211665994219520 
334464111481500 354077982720000 
139745373768000 84495882240000 
13320777728160 3744762188267520 
8769437762553468000 2929726207741132800 
608940649917600 3124518613973729280 
78053259546662400 299949115834368000 
620159379840 8222339078553600 
2210097180170880000 1080491954750208000 
6258977524800 36787322880000 
1840105593812566080 2303906424422400000 
1840841930584800 104268222179573760 
372801687056304 385175539364659200 
9247381367994000 19199220203520000 
62225793027478080 734141192601600000 
10296594000 47029248000 
2250829575120 493024690386763776 
766662712200 561080783654092800 
84476078442756000 35727531840000000 
339637156405747200 189763668864000000 
62948303613795600 21037211395200000 
752851139040000 46958594500818000 
4922848394100 22348298649600 
9754250688000 337244376268800 
810425700 64123518131896320 
1580078876135760000 256094948229120000 
36561350203461720 5592178201146163200 
657180569218773600 767968808140800000 
343102841675193600 51783904972800000 
22944120070872000 54010152000000000 
496340717600 5818615534190592000 
901004084755014240 2966529717043200000 
17857928088000 85816649318400 
999716904648000 3839844040704000 
28760021745 4565043429507072 
68441012640 392931000000 
4467845926527984000 734036852989440000 
8914797286793798400 5463358895554560000 
5913303492096000 187002600997212000 
82170279775584000 15561324979200000 
7669339132 1521681143169024 
19776193557120 9588782923776000 
326062667035468440 5560971849577267200 
13688202528000 65379177864000 
597305605150800 777746188800000 
409650078998160000 128884385710080000 
105242722865280000 146080497378816000 
52828859160 23378365985587200 
363319339080297600 555532992000000000 
25398282868358400 183642315816960000 
77071690987200 90789963264000 
50667913296000 393289924608000 
1229107765600 660451885056000 
27012298868755200 9725828112000000 
134303400 1625702400 
8690452989538320 2465687037542400000 
8120476728 876688724459520 
1922030880000 12622224384000 
1341486790450329600 1000142235316224000 
1090304585767837440 873344157840000000 
270852451507277640 7766914168258560000 
6583439570400 1611448241356800 
75715596233877600 283553298000000000 
985278214720800 47464475472691200 
32236381174868640 8666449635704832000 
14420867630400 940369969152000 
5752556202104712000 5833096416000000000 
25521824328000 17653603968000 
344161801063080000 359437561560000000 
114558688462176 33702859694407680 
281004570 3117115464744960 
24118123989960000 8253059855040000 
31724349774163200 21999106483200000 
47688108798330000 9062183370240000 
194810616 1367968386813788160 
73620647100 161663040000 
617109200400 94036996915200 
756756000 5675670000 
10869084626400 20739898368000 
177727449715200 502836719616000 
208864656000 6022221004800 
41206510144800 1071508441006080000 
426786360 3527193600 
283652640943439040 881059325961830400 
121433910998400 87178291200000 
68923264410 1218719480020992 
3754492375233600 7274836800000000 
460929268800 490377888000 
506679132960 23219011584000 
21364272741651840 11213307705600000 
94915875600 634894848000 
589024800 428070666240 
4079321865912150 4387390128075571200 
9195930004060800 244856421089280000 
75173373475200 52809926400000 
8697363206628096000 2812022960947200000 
2992131567000576 18864054108900000 
7560970029508896000 652477202657280000 
3169731549600 2104918804109721600 
48280294386324 365286968524800000 
418461120 37205154201600 
80146381258944000 266857765747372800 
5085024 40637949762600960 
22562971200 219560140800 
816106589225928000 8641228913132175360 
475682291884800 597793996800000 
8758028575296000 977611933089792000 
24690120 373248000 
5094104400 96185277197844480 
5203550636444160 102023508787200000 
141298100143200 114069441024000 
8812762505931384000 1947110788022400000 
22585534171200 38208610440000 
686344950018000 10922223049113600 
181704600 5573836800 
1881046281114000 9405849600000000 
667866432132900 28211099074560000 
2168219346697404000 346628513911680000 
30924210240 114294233707315200 
1321771651200 37456183296000 
6602249397744000 23414395266662400 
26757128918520000 21025079083008000 
7981459200 18860688000 
95548245 56358560858112 
2770492191667200 7649363810088000 
943814071200 16124313600000 
2817266735162880000 5175423335706624000 
2124694000 40310784000 
3399037475803200 12671485334323200 
10719166217760 39207369600000 
6246600360000 18933336576000 
300214986465794400 225834448896000000 
4172575042658880 94036996915200000 
2825552813795712000 621741624311808000 
366831606141000 199168865280000 
221009718017088000 48573564399360000 
757643150880 800059635951206400 
5324115046279629600 5959546306560000000 
467187303206303680 1699012474306560000 
31783168216800 312448884985036800 
6106390953062400 10564750256860800 
2274355958074200 1046139494400000 
15020132400 14860167413760 
12403187596800 57556373549875200 
32522191477776000 74987278958592000 
669027938971392000 741455850110976000 
6041280 211392921600 
13137042862944000 647509202436096000 
122783176676160000 79501080282624000 
17348252922000 374561832960000 
46460273539680 1271369878732800 
2524537638000 22856214528000 
8157689941927680000 3167117078501376000 
1514311924677552000 1633807098000000000 
1132947129600 35315829964800 
942870257128800 52134111089786880 
779505578893641600 251073478656000000 
9500400 28311552000 
170312313600 4013162496000 
355971484028160 91413063873331200 
2373808082405760000 4478560855921152000 
2723038425993600 3703553280000000 
3346671352226400 48977602560000000 
1113840 19353600 
218045520 15895756800 
2745379800072 624127031377920 
6184134356400000 4517106834240000 
4257807840 1857520926720 
213759000 118908518400 
83160 453600 
58468179369600 32691859200000 
58896517680 107775360000 
25029949168224000 42436548000000000 
62674920 1244160000 
27256837608000 1754473719398400 
3876127069815000 2103721139520000 
366029072640 976402765578240 
207023915578075200 6426011915067064320 
1086332390589600 149790487530700800 
35356030965984960 6419592322744320000 
18884829600 2321601622179840 
1109177898820992000 2652764263730380800 
202112640600 3249918613389312 
168725700 14332723200 
12627385848 40077198832435200 
1397046816285120 439385430090055680 
4911680560885956000 2897001676800000000 
585214398568800 1549482039705600 
5266929587119200 7374186086400000 
1675442222447994000 2041583745600000000 
50115582316800 120022560000000 
28314422136000 69528040243200 
51159003386400 1249795539940147200 
7227397822324680000 1270971217676160000 
50177095422854400 282809166358118400 
1520037398880 32506616217600 
521063923380 7827577896960000 
98456967882000 139676866560000 
52685950193997120 534195092009779200 
2783060137827988200 6094990540800000000 
15945867100800 24443451648000 
44618574000 155196518400 
678499070442473280 8155259876671488000 
22487761296000 14384418048000 
170978946685747200 961727662271376000 
97251084000 2377320061112156160 
4450169308267800 6581085192113356800 
824833094128243200 127105948569600000 
138816257580 20873541058560000 
95127410072494800 226609908940800000 
842842728000 4571769348292608000 
67042241760 237762678620160 
13217716512000 176579149824000 
161388480 2790386565120 
1154482643787264 1078491510221045760 
3032474610765600 1513166054400000 
194580 1424967069597696 
951484123440 1604898080686080 
2457315259590391200 5557644640800000000 
14307150 41278242816 
240439143776832000 6552840692241043200 
111908095313414400 29177484336000000 
229696418952000 100037089152000 
45298766701188000 55622432194560000 
235358200 2717908992000 
505149883213248000 350421322825728000 
43568614815897600 21123970560000000 
1601785039564469760 7865798492160000000 
34545420 59528246722560 
3433875845400 214301688201216000 
947184505787520000 970391875444992000 
4662837304725600000 1652262582979008000 
26029666072872000 53757816569856000 
7268184 796262400 
194779200 5580773130240 
2125943820 99532800000 
7537540553051909400 5645861222400000000 
604877602360711680 483034793472000000 
10178348544000 27135860193361920 
91878567580800 49037788800000 
1467166532832 229323571200000 
2341597786399872000 1730063650258944000 
2354627344829760000 1519812859428864000 
42358375515456000 32716805603328000 
17210021400 125411328000 
141729588000 1669054464000 
719277659100 2926264320000 
160160 3456000 
1332239229921600 1576214640000000 
93027049675560000 36588565357344000 
17261778553588800 41836015072051200 
14172958800 318823464960 
2520323343169632000 418254617088000000 
1098151920028800 23219011584000000 
2506375872000 1695991262085120 
37479602160 67060224000 
7709224343812992000 1869075320112000000 
1355137091685877500 1845112816008000000 
1547707862290590000 1223693508280320000 
1423891233307342800 3047495270400000000 
1385930505960000 77901540487570800 
308261853900 1655429529600 
792467707531500 487487792008396800 
7800447625944573600 5710569705308160000 
4415283033274713600 1233463847616000000 
7715275540315200 7759825920000000 
949080717585 3522410053632000 
290594304000 36100888223400 
6603687682020 39450992600678400 
382244157168793920 1388335907576217600 
229365352377907200 55608852499200000 
1712652392509531200 2896339504988160000 
4405905504 3057647616000 
7572409416000 23575860000000 
82763370036547200 3268017033471590400 
86529643200 30512586424320 
2486484000 136249344000 
487712534400 13733933875200 
200011477588322400 444979457556480000 
60133754266185600 1582149182423040000 
123268836731040 241089399226368000 
20160075 82556485632 
9350130049860600 17065973514240000 
8930596768853760000 7553796433655472000 
7815958850700 42616812994560000 
482631511576760 44580502241280000 
240171989172635520 119608615526400000 
4417686000 1387266048000 
4923689695575 739537035580145664 
22982965471065600 54199989043200000 
3312929119500 12602368800000 
3560712123608640 4312810656000000 
3002149864657944000 320118685286400000 
28158588057600 209618060652000 
57542212728000 135499972608000 
11274244568235 102713477163909120 
76289447520 146767085568000 
18171225072000 205959958364160 
77842250640000 596544902553600 
13613600 84672000 
924738136799400 10861273143705600 
158007887613576000 63734036889600000 
157145042854800 16926659444736000 
11062302451200 15839205782400 
5103492036502860 639827727011020800 
8330974205400 705277476864000 
3796297200 20061226008576 
382822474320 9393093476352000 
1053719003879942400 6944536196127129600 
444812860800 4830323097600 
10721601586080 642105999360000 
3002048444102400 122201491636224000 
286706690472384000 54020028142080000 
712034843520 684913065984000 
2054256994389600000 795010802826240000 
2777499194513472000 411917425920000000 
2680239875040 7481077115387904000 
33357220718421600 13036507545600000 
8416664225798400 11110659840000000 
63606090240 10414962832834560 
50886591275520000 52823751284304000 
1501796950093440 24800580000000000 
12028662288528480 205961920354713600 
3441501743680 990677827584000 
320415679584 502269581721600 
12759640231800 3554598483394560 
39243789080496000 14227497123840000 
31504041789620400 20739898368000000 
71214242472172800 19451656224000000 
3106671781761475200 1251504724377600000 
2032698075408000 12059061994980000 
2691920 884736000 
168302509200 6530347008000 
12493200720 28740096000 
31433553366415200 3290870299439923200 
37168218831744000 2050445807714304000 
2710264100544 49417622100000 
14865071621400 45984153600000 
296429580720 4534963200000 
12472186070023680 738336285130752000 
1592814947068800 2333238566400000 
646646 241864704 
2373143226854400 863345603248128000 
16847081170920000 9201601575936000 
1766835840 50734301184000 
24164860510670880 1174625908162560000 
151357484944859424 6018367802572800000 
2846892787200 1541688577228800 
225520120425600 98075577600000 
35553772800 117621504000 
381504870386640 705732652800000 
75107730297600 214592716800000 
167204113876800 417168241459200 
4823624797992000 1500556337280000 
19428488769690000 20128503447360000 
82820430 12176232284160 
39303386372250 63734036889600 
42918703027200 823839833456640 
26062101625145040 218444460982272000 
4266068841619200 786004226290483200 
1288508760 22858846741463040 
42876117123840 1499754647928176640 
355655300 6298560000 
26334647935596000 16223209390080000 
324793991205684000 90386452316160000 
16078749326640000 5251947180480000 
1068618416785920 1445641797600000 
4009605318678960000 1242216212751360000 
137839755034800 222213196800000 
938591384640 594406696550400 
4878475380979200 41965535742530400 
12602491888896000 6173717501952000 
6681528251798400 406838361194496000 
9566733633256800 1828261277466624000 
36980201412000 1388674939543879680 
42811406269632000 15650246836224000 
60294539705400 412530749787340800 
143062343424000 2288443981824000 
162797336932230000 67399988816160000 
84660942894528000 5376865631993856000 
18119506680475200 33373459316736000 
527973526080000 16678610359210800 
7523930937600 11716833186938880 
1892264157117734400 270100140710400000 
134687863695840 12482540627558400 
5079656573671680 70631659929600000 
194594400 22406283900 
34871760 4348654387200 
7421576162832000 77235720133017600 
5431826400 16003008000 
220468248000 3338108928000 
4909720798382400 4357918236672000 
3436804558867680000 587229482391552000 
4139327843695044000 599111011699200000 
4039256181539779200 508423794278400000 
57120 9461760 
4638100767300 11295456480000 
5443898421246405120 1117880522035200000 
3624450412055054400 2389236291993600000 
3603807900 20321280000 
590842763469000 2054269543278182400 
1235520 32672640 
295845747536813760 1285662067200000000 
40392602208000 159993501696000 
156748561200 133177540608000 
1799020903680 1307674368000 
880395854738400 846874828800000 
1246721486250240 2483559678600000 
1883701875863808000 1717191152861184000 
493021678653504000 98555058201600000 
210344706000 1837080000000 
6039604566450 21308406497280000 
100912600492704000 21341245685760000 
38551673160000 2350028685312000 
470177968221561600 263411946749952000 
136998242488800 4701849845760000 
29193428584320 7534043725824000 
156436600320000 15475796226891000 
3706357857602400 3724716441600000 
228005609832000 1112448643891200 
978217616376000 329533940736000 
1370052684000 5518098432000 
12576919254900 3606947894919168000 
22100 15199648742375424 
22368101223378240 2965851653107875840 
32992601747365260 680244480000000000 
33722305507390500 50570219700000000 
3558502886400 158999180820480 
212048928000 17003918131200 
2956662745496460000 266098657144320000 
869500445427915840 5898000446521344000 
38718202619596500 46680202800000000 
123236799840 159813048729600 
210670066252800 134743581649797120 
701618152435200 502831929600000 
195054 7566047373982433280 
19559304765000 100143267840000 
360401633902005696 2167107747840000000 
1262715391642320 855945643032576000 
826081027200 1793381990400 
4804800 26611200 
6856762036564440000 1472256252149760000 
30236051033760 6102575417917440 
68482687072800 875065226821632000 
297686558961792000 152452355655600000 
5685889895185500 2301506887680000 
1962189454024800 3584673792000000 
195757380 40587440947200 
61686235671984000 69997156992000000 
108409582390309200 3385331888947200000 
2853822302174844000 3338719325061120000 
708641435357856000 276582544087449600 
542640 27648000 
6300808357924080000 956966563897344000 
1627304266636963200 1422164459520000000 
655527600 217998950400 
2656500 1061683200 
2122570782569952000 2869411184640000000 
942666393289420800 234601265074176000 
11572913310472800 11522165760000000 
4220617779378000 4144058895591014400 
3695814682560 24348624300000 
203269807540800 1407350484540000 
594602864856000 708155965440000 
274450176000 9838395567000 
270387829071360000 5520451558087065600 
674901843616 5706304286883840 
6495879824113680000 768284844687360000 
4648590733800 8124796533473280 
105973575107400 81478172160000 
2100415314816000 1368833292288000 
10033923344445000 8694581575680000 
67980749516064000 50333955633561600 
25688487825 537477120000 
5239125931611686400 6022251970560000000 
1352934198000 5867103996975513600 
130460448099421440 593164680088780800 
45276909317640 9089508695196303360 
714589446529838880 4854321355161600000 
1676511837000 17216467107840 
16932188578905600 138438053462016000 
916847038032045120 387370509926400000 
84819571200 10202350878720 
43743700 4777574400 
6075779487998220000 1742727571200000000 
236280313422153000 63878886973440000 
222234975098136000 2332937567600640000 
47960612277177600 20841060240000000 
12697776 87091200 
10090080 43243200 
1144341712800 616421759385600 
5896800 29066526720 
2877636736630656000 1301077617840000000 
506856470656536000 125046361440000000 
57817229293824000 2688432815996928000 
1387290437769600 1080400562841600 
172649522580480 2353275847802880 
2137172582825280 8126654054400000 
33006526375680 453496320000000 
405421834673730600 5617143282401280000 
1569751563219840000 967153637818368000 
640831359168000 92501314633728000 
97772875200 108972864000 
530068659120 943034400000 
28158692814252000 18483474240000000 
5045630024635200 2690072985600000 
14350100449885200 4022174810426572800 
524924400 24524881920 
160009182070657920 495834252705792000 
361771859849400000 347817226236480000 
926693460000 2557229875200 
8639520166071194400 3469964230656000000 
300450150 103195607040 
54265778977410000 43269128622720000 
385461217190649600 407560606992000000 
3737503721952000 2974255054848000 
5822351252669952000 513523724313600000 
163011640 10567230160896 
85589824713120 16643387503411200 
11495308187220 84537841287168000 
2208619413000 2263282560000 
473739922526270400 248878780416000000 
9471845057875200 3519823507200000 
18009460 25649407252758528 
153992278440000 1835074651410000 
18457747951500 101039400000000 
210026945264136000 324060912000000000 
83971375488000 14035789755187200 
8920673883555033600 2522994233760000000 
56345334703257600 266164628693483520 
130705844447692800 39230231040000000 
2540824977600 11174149324800 
567072752213167200 84737299046400000 
486748080 87071293440 
733296564000 1358528371200 
1739380500 2659938529915699200 
2695532987347200 2592487296000000 
994593600 283398635520 
335371697612582400 294159480975360000 
5024544975450 19725496300339200 
84755115244800 74001051706982400 
28109701620 746496000000 
187672040899200 15821491824230400 
2078041325592960 59500110324695040 
574241047380000 250092722880000 
52216164000 1062744883200 
117600 14777436277309440 
79105068517074600 1088391168000000000 
6020305200 192370554395688960 
12733986639333960 302330880000000000 
13408851456000 93163582512000 
1786504880160 14465363953582080 
19042226755200 191992202035200 
18132120329400 2115832430592000 
1840516177500 5040947520000 
3765952287377280 158214918242304000 
430680785535000 360427747680000 
279736332291360 18723810941337600 
575968011071412960 1405192126464000000 
