939508431301440 4950368997448089600 
53573784264000 734209110835200 
11850191226720 659228826009600 
16491024950400 11442150720000 
921712677745860000 904236483870720000 
357300976032 7305739370496000 
4263659302736433600 821299975372800000 
838053216 4762800000 
55272 3166593487994880 
2775720467520000 27461327781888000 
147291623951472000 38131784570880000 
7407832503271200 80905355919360000 
108972864000 5434542313200 
3936933000 65028096000 
679807495160640000 406543487809536000 
136950466292640000 57595209864192000 
1327238537625 7524679680000 
602280911232000 5382885644136000 
79518348000 32118512025600 
8770226905440000 5397062711040000 
5345222601438720 316429836484608000 
9648639000 235322010000 
39264345120000 63900010944000 
27382523717448900 197477693521920000 
172266494400 761014517760000 
222938818502400 721031528448000 
3510450370843416000 1307045678400000000 
1210809600 5145940800 
2023338330443430000 1484925542100000000 
283783500 2497294800 
5047562520 222953472000 
1484192245536000 774361171584000 
108231319041300 25277144770805760 
53945824432500 175250718720000 
14771069086725 2218611106740436992 
1412149200 8371159695360 
6534088156731520 187238109413376000 
12250475677440000 35097081010992000 
24763325796649440 95352740904960000 
1906126898195520 1862358220800000 
2744822733401548800 293442128179200000 
20246898153081600 28694111846400000 
82690710822720000 24392376904896000 
106743106298949120 69004970496000000 
4626053752320000 2492418158814904320 
2270268000 24443218800 
57539261845296000 52295018840064000 
255554237400 400771988324352000 
121807150920 5357542205030400 
25080617081520 150493593600000 
65279722266158400 98116442424000000 
29346528491280 49816166400000 
4595498667285926400 2411608399200000000 
2153764185300 4039781642309468160 
1587392679272400 26968451973120000 
24310 3359232 
96269035262400 165919186944000 
1342381669200 7348320000000 
26797915544400 343064484000000 
158486577480 109099041266073600 
107084577600 321889075200 
7800901166710080 321052999680000000 
25675414324560 749123665920000 
7821830016000 37642556952000 
32247603683100 4738381338321616896 
1143542400 8964648000 
988473024000 7151387443200 
15389343835640775 1725980926279680000 
1498692273706227600 725896442880000000 
150587687250 1137991680000 
161731979240832000 24715045555200000 
6883236021261600 23147208000000000 
773319026680200 12093235200000000 
344200428000 1614043791360 
13531207225536000 5828827727923200 
191445705360 1923705543956889600 
2964295807200 8888527872000 
165757288512816000 90070431010560000 
10431437606647200 156728328192000000 
1631993056653960000 1637863780512960000 
228902922231984000 35012981203200000 
217729512 2735936773627576320 
482802943863240 634033809653760000 
1629547920 4572288000 
72931014388912680 85329867571200000 
983240974800 167176883404800 
2706037637959656000 4561734720356352000 
34622230464000 392212641300480 
9762479679106 467988280328060928 
2046920362266780000 434881233961574400 
1197218880 3772137600 
745945200 49049763840 
1187353796428800 809559406656000 
354799529459575200 100919769350400000 
64115177484758400 65078245667635200 
18068427336960 40524283800000 
35345263800 609359740010496 
7862853600 457124290560 
6945810894182160 24379962163200000 
4658179125600 8691005030400 
372468096000 2563889328000 
371682188317440 24975354951106560 
1293998881074900 5072270477230080000 
583868571686400 177747624198144000 
34317247500900 1560317578444800 
2740923837473421600 1055957111193600000 
1194873762215952000 1171408422017433600 
1742312636064000 29650862860819200 
26967536668800 374938661982044160 
15944556055428 22830435532800000 
32446952168400 877678637875200 
172080900531540 4133430000000000 
650463384130560 5240451516300000 
15058260 13529146982400 
555099679134000 1890355320000000 
12768314150592000 11621115297792000 
169467852931977600 2262473330864947200 
18729838400 831230790598656000 
160787493266400000 103893457187520000 
435891456000 84235405854600 
29631330013084800 177991783022592000 
132605830810252800 38718058579200000 
3991680 155195040 
233141865236280 453685276800000 
305377800 142496706959769600 
6186248205961824000 699082717132800000 
33387680502542520 3033257372496691200 
237470759285760 231302687616000 
356206138928640000 451936538765712000 
123269061473672400 3061100160000000000 
3229996770 133938555125760 
17468171721000 23044331520000 
128185636449911040 63542076998400000 
337653735859440000 164755528217280000 
4076889003106920000 3605816871066009600 
4005195994800 2092789923840000 
15661119474000 12674382336000 
6550145159253696000 1313767084415385600 
813054786944400 9364045824000000 
42184833600 317447424000 
18584668118016000 876240758958364800 
9125468352000 216648648216000 
2786735231280 64497254400000 
1815358950662400 2469035520000000 
163680 72477573120 
2227158796838976000 627683696640000000 
7061160538832400 169515983831040000 
112164660142920 389990233606717440 
26506116000 5667972710400 
199145627035992000 321815500554240000 
534293145706320000 537578165698560000 
34453298880 326149079040000 
980179200 3027024000 
4467788850024864000 5020321808646144000 
279418639500 3009871872000 
4008916951079040 352593246368563200 
22009896368460000 4001483566080000 
60086184238080000 381598033969152000 
791047742284800 355495248396288000 
5547107766315258000 5999756313600000000 
934002180115804800 478434462105600000 
5595404765670720000 918040367147904000 
306261891936000 151036389504000 
151623730538280000 26409791536128000 
893059676885376000 500914882868400000 
178827929280 7166361600000 
60964066800 5101175439360 
1116324596106720000 520951478183136000 
653529222238464000 137305808640000000 
1413999589934131200 328441771103846400 
38003792400 1632586752000 
434368360419084000 1146833420156928000 
6667436894624 19258776968232960 
179250271200 233513280000 
155427910157520000 97191916645824000 
8441343396486000 16401002808960000 
1698865328160 24186470400000 
61191187200 358676398080 
739532517980256000 154872234316800000 
1137177979037100000 585797433661440000 
212592430607356800 245494068019200000 
254679732786679200 221225582592000000 
4646027353968 346737239654400 
38960046445320000 137920347484920000 
444964355035200 937346654955110400 
10605518080185600 27590492160000000 
628539912000 1173274502400 
4163448377088000 364744120802181120 
425188764000 3099672576000 
174356582400 118731810156960 
1894107877200 654594247596441600 
1487285800 30233088000 
2753950110912000 2343352467456000 
30285375120000 210777735168000 
224499349260426240 7770110429233152000 
566391992606668800 1584957916080000000 
20169863410116420 2397195730944000000 
32785120368000 99325771776000 
29156727600 4994157772800 
2251536333076800 52372067844096000 
1109419530579360 1462609021973299200 
14031209328776640 1198597865472000000 
1051172921799000 1290482565120000 
4417686 40768634880 
1241493284219760 986274815016960000 
96172766227137600 86082335539200000 
2071519658208000 19079901698457600 
7059052 200385994162176 
746709516329736960 2142493684531200000 
2894174878795200 1029793564800000 
388569775393800 756142128000000 
63063000 611226000 
5822723907000 9876142080000 
5648596800 36275025346560 
316005099379200 224572636082995200 
1275566292000 10538886758400 
2276885831220000 4803756320563200 
47299214045268570 3611020681543680000 
819094622504558400 2570992421437440000 
212273222753592000 50345463168000000 
4508102925 1567283281920 
450978066000 685765402243891200 
710609883789405600 234657135820800000 
4843238400 34918884000 
92669346000 1756481126400 
15527263752000 27653197824000 
125403085407600 331085905920000 
681440366104898400 623817255600000000 
6252767080560 24108939922636800 
39538920960 376388812800 
59250956133600 3400783626240000 
245430240 14843406974976000 
39462776237184300 3867475779256320000 
19684484315496000 18772570865664000 
11002175458560 151165440000000 
18088592992470000 7929410448960000 
140462996400 100306130042880 
8550360 116266106880 
63394630992 46756731971174400 
23916834083142000 6703624684044288000 
5936768982144000 4619768353200000 
130429015516800 123927293952000 
846941659200 5079158784000 
16540770604176000 11730063253708800 
609640668000 48177768038400 
11583156277842240 145629640654848000 
1079412542208000 1752089923584000 
4690023825123000 39007939461120000 
127994058246600 992023200000000 
7732810257452280000 1581002452592640000 
194480 5598720 
368140500 396361728000 
269215866279360 1928715193810944000 
8384612836600 3029836231732101120 
60338017584000 5015306502144000 
61887236954400 235146240000000 
501942 2087354105856 
978167451370032000 1964205936000000000 
1480920 173173081374720 
403313110200 691558560000 
7539840 2029372047360 
399703747322880000 6105568543506432000 
38550447936000 36203898931200 
130973139026730 176120502681600000 
266306626035964800 4494741995520000000 
1665432280512000 5356234211328000 
48622137963759360 31771038499200000 
216846269640000 217364539392000 
39027803047833600 1971541707656320800 
6692786100 58525286400 
12782132672400 390079394611200 
18339581660400 859963392000000 
616344183655200 361634098839552000 
237254994104768640 2856658246041600000 
155901115778728320 294421207449600000 
504756252000 3678732288000 
49972802880000 164088916992000 
4995640912354092000 2521943424000000000 
572257305579960000 77028558647040000 
45435220189380 8764883384653578240 
227873431500 19683000000000 
335780006100 507799783342080 
3535603096598496 3235474530663137280 
28443124054800 850305600000000 
802388656192780800 2593567499040000000 
1760701412466057600 1371944277043200000 
16622953150003200 23376027867192000 
877821597853200 1655429529600000 
411405722193866400 130365075456000000 
3081049718947200 10300450406400000 
7193730107520 293865615360000 
3379030566912000 1883917631760484320 
7358805055457856000 1938300331968000000 
44543521678656 22191183337881600 
241593422406336000 233614215217152000 
2106771834847680000 358532927520768000 
2187932619600 15237476352000 
582545744453673000 5285816586731520000 
205403314596480 3060705263616000 
803134332000 905313024000 
93706797862339200 126714853343232000 
64958863200 37614798766080 
16606346803200 238498771230720 
221492975418000 495093060000000 
3121607703789174600 4319824545792000000 
32104210320 657516543344640 
126894622105251000 345585963663360000 
652302240497107200 401717565849600000 
27068255760 9286406488719360 
844134339648600000 6217232918977080000 
188286560 1358954496000 
37050773760 115783668000 
6143288148975978000 2495269022400000000 
236215980 38698352640 
7718911200 22702680000 
255024 1211105280 
14407045292940300 1139147411344588800 
6570277720624800 417072888718295040 
2793510720 6227020800 
155310057261216000 331085905920000000 
309744468633600 838472242608000 
177232627 450868486864896 
543004 148434069749760 
840938337439200 921773260800000 
951274100724948000 910559815925760000 
17110253160000 812432430810000 
77535155627160 7487812485248974848 
3560174217600 3728971137024000 
848109854592000 729437108400000 
9540949030470 2256887925964800 
2757266229522000 3423782572130304000 
484010458752693600 1625330810880000000 
1648260405792 208735410585600000 
22680 485100 
1330243200 5604318720 
8679684982854600 12933043200000000 
1350173219555160000 475289337600000000 
5245691967816300000 1482799753955520000 
361136602009703520 6102575417917440000 
6727506699513600 3379835289600000 
10108248702552000 2965805466624000 
108056760 42749012087930880 
8432910486000 11522165760000 
3965314953600 82403603251200 
61261200 199584000 
736206471000 1440270720000 
102712849719480000 21785854970880000 
2200876765582572000 457581414850560000 
7354710 537477120 
30045015 61917364224 
268875406800 363242880000 
201930917760 1683990000000 
2725569000 174853324800 
24981484207680000 111290644168704000 
2335005450289512000 512608352256000000 
10112826250800 148969437423206400 
438024110443920000 161028027578880000 
21386061867250080 2815241998848491520 
302400 6126120 
72933206945639040 1710146230392600000 
972124718079715200 153782505676800000 
12033222880 213986410758144 
7610192805799584000 3186959355740160000 
15688789642103760 566870400000000000 
3721081987022400 4204990389600000 
6644825755434266400 2986545364992000000 
15135120 64864800 
936343037710080000 2320873641934848000 
22800560983200 303395084697600 
391461846375600 4736067309246873600 
116008292400 465589555200 
3021366645158400 3519857037312000 
25347154552820100 4219064486461440000 
104005968345927648 303395084697600000 
126554500800 698384332800 
4447629429122880000 537799391281152000 
128629994613120000 62336074312512000 
812269985026500 376610217984000 
24986926364400 2383510998771302400 
496144264936320000 211295005137216000 
109884027052800 3500260907286528000 
1265004 151996487423754240 
58440069667980000 1947538512189270000 
595264269600 2145927168000 
155955837125088000 25891952486400000 
457563300012000 7801587892224000 
3702651499744797600 638788869734400000 
475917047305920 269622877555261440 
1066364698291200 4445076601405440 
79658250814396800 368625027907584000 
23310 773094113280 
431299824120990 288881654523494400 
599507653464720000 218831132520000000 
518918400 3430627200 
4225900102744320000 2994352072801689600 
30370582962720 12328435187712000 
709072845304824000 4330889804241000000 
1428186531145374000 4887572914667520000 
684917352521962560 3472268098063564800 
1204701498000 1991688652800 
27532944085046400 63654822000000000 
450204981145920000 726689561958360000 
41337796500 650280960000 
43221135878820900 1898579018907648000 
480623519376000 83795308550553600 
1080138575644128000 134449847820288000 
36288252 1641562064176545792 
6697947576640320000 7205159675179065600 
1493264012877000 1361849448960000 
40542183467373060 4448777479661813760 
16381892450091168 501530650214400000 
49302167865350400 14079294028800000 
1701774828731577600 4259304848799000000 
1916797311 7387029288794456064 
167862142970121600 40848478070400000 
26147982736839600 2125764000000000000 
2030313953684016000 1267148533432320000 
2441880 90316800 
11150465649523200 69219026731008000 
540972351000 13713728716800 
2748504158400 2288430144000 
26057783980800 229552894771200 
5648928431065920 179789679820800000 
2471182560 14631321600 
1261509438078489600 203899125830400000 
2465968364798400 11519532122112000 
99638080819200 30395343400181760 
10123527654240 7397061112627200 
19575738 10436770529280 
41725750426588800 184312513953792000 
2536730935266528000 1874681973964800000 
52378326000 90810720000 
2958457475368137600 3599853788160000000 
7818630487543512000 4505417007759360000 
53006865912000 54305848396800 
37297260 8918138880 
10755016272 38102400000 
3277638000 693633024000 
59411747476224000 19615115520000000 
376196546880 326475228119040 
89572674427236000 456173472035635200 
3093276106720800 5959546306560000 
61108047000 153679680000 
21259438200 183936614400 
207579335040000 1192493856153600 
150995889003960000 206597605294080000 
1429595173646640000 201957229393920000 
84084 1166400 
163185 356241767399424 
1109421553263051600 1199951262720000000 
120590619949800 252047376000000 
23426 30399297484750848 
180081992458368000 265636680309000000 
328860 21139292160 
341392503490272000 1706909414939688960 
2035800 18345885696 
1624485088800 334353766809600 
833522365093017600 679105947920400000 
14495050959480 28127096576409600 
2827032848640 1961511552000 
8187681449067120000 1424824555714560000 
235989936000 467859658506240 
23546273448297600 10461394944000000 
115892400 14511882240 
654890741451460800 860321710080000000 
256754143245600 2942985830400000 
16491024950400000 43063085153088000 
9289117437600 108355387392000 
19082471728320000 21129500513721600 
220930391190600 121871948002099200 
31878000 9083289600 
48837600 851558400 
29526726473244000 41299655904460800 
13501732195551600 9678619238400000 
361160885973888000 259509547538841600 
1931211775452960 887647333515264000 
6518191680 14370048000 
18605409935112000 8743241591884800 
239803061385888000 94397743440000000 
27797683932018000 14485008384000000 
7124122778572800 6678865104912000 
16695360 1860257710080 
2229760743210000 3477832630272000 
2119471502148000 776758574592000 
667886510491200 662282580960000 
20794111616678400 4707627724800000 
3901429323792000 3873705099264000 
328900 849346560 
27810272189700 51566343723417600 
259233258154590720 42368649523200000 
23477222793024000 5068545850368000 
34162713446400 434173763093790720 
30904882608600 4767021997542604800 
4788875520 23818354560 
3172251962880 1464604148367360 
399886761859200 3620424381235200 
203167587738875760 4231664861184000000 
586051200 79459860480 
4749415185715200 4250186884944000 
960960 10644480 
632132046000 2743061608975564800 
563307977232000 2782266104217600 
50356110752640 816293376000000 
73508491763229600 936190547066880000 
1631537988385536000 1266846831400550400 
3014765498745000 8200501404480000 
1145601519622560000 496886485100544000 
6960497544000 5604318720000 
76101928057995840 235674305298432000 
1114349660849224800 964122158039040000 
2107614880800 26486872473600 
198548177520 110075314176000 
93884662872000 270999945216000 
249420600 1469664000 
8731876552686144000 3228087582720000000 
22510249057296000 46805547789000000 
173170110466080 9361905470668800 
74959204320000 69161444352000 
27788080320 194788994400 
32851808283294000 7414513666560000 
9247855617000 21520583884800 
242161920 972972000 
223581131741721600 221750993350656000 
708364480824000 287688360960000 
498688594500096 1985689906200000 
330762843290880000 260475739091568000 
329004 4638564679680 
674632838880000 516240781056000 
28327244400 3869336036966400 
615969113760 7059660300000 
316784115648000 6217116406300800 
7027800 650207196201615360 
1173558285900 10300450406400 
1091484569085768000 1241572147200000000 
2763600 22166154415964160 
3350841637518648000 5947150450242355200 
415158670080 846874828800 
2949480568786752000 644421928550400000 
487228603680 23216016221798400 
110153992271400 1632586752000000 
213961786038000 2621932830720000 
3573055405920000 3599700616512000 
35850054240 50295168000 
1412585254080 1917756584755200 
8934667988400 3222896482713600 
3313264500 832359628800 
562240787174035200 800113788252979200 
340629348559500 808315200000000 
304007479776000 1147764473856000 
1951331488666560000 6553054988992512000 
23325382080 6370099200000 
63712597882752000 41407207091712000 
12099393306000 16981604640000 
4542935774032656000 3034213182000000000 
397551494340000 275101995168000 
927127000800 1122161567308185600 
39396200131033200 195039697305600000 
54264 23887872 
270323451016819200 168048730080000000 
105859353600 642507465600 
449630740098540000 262965142440000000 
8220316104000 48779990138880 
29566627454964600 15526118361600000 
81537780062138400 92704053657600000 
96148523671200 1878618695270400000 
5788349757590400000 6628402568563776000 
4762178037817200 40452677959680000 
24785550998208000 20866995781632000 
28159366024288800 3188646000000000000 
796507781829883200 588318961950720000 
1097239928400 332943851520000 
43205543025765120 16295634432000000 
3438176392620169200 1135624657305600000 
4550525680580880 97086427103232000 
32322116231184780 1269499458355200000 
1931341636224000 203518951450214400 
40914339986520 544195584000000 
150326022000 311711546474496000 
2414014719316200 1692447582569103360 
1761039350070 58498535041007616 
2923371622080 499918215976058880 
1807052247000 2586608640000 
4108513988779200 1438441804800000 
1300931608018442400 247591795651200000 
86424237900 248961081600 
32157087842880 920901976798003200 
8615056741200 6732969403849113600 
2334960 5541538603991040 
137977594789834800 94881834432000000 
28612865278998000 6472988121600000 
5834656555651123200 5198527904169600000 
5851946284800 1709111771136000 
11023412400 167215104000 
2881409058588060 488206033433395200 
517722819768 140270195913523200 
8041201189560 539369039462400 
89033814673446720 9099772117490073600 
36491785730400 18644855685120000 
385076141049600 414797967360000 
21118941043200 40477970332800 
9132231366959500800 5311598926233600000 
389168841600 2055584769638400 
107191662177600 81729648000000 
900484574423616000 700842645651456000 
5856674866396200 34558596366336000 
4116715363800 263243407684534272 
245157000 8062156800 
13160160 32469952757760 
16191188133120000 20149034121216000 
23256 7372800 
454293577403265600 700203042000000000 
8215786656 45660871065600 
57657600 232848000 
1035445639536000 9000670904451072000 
115651343808000 76218734592000 
2679757320240 21917218111488000 
982336112177191200 579400335360000000 
508300506185472000 67224923910144000 
7493455200 12987981103104000 
4263250282200 34824024332697600 
4505020423775071200 7712977264312320000 
2710264100544000 10760393780136000 
4279235720760000 77550946615296000 
67984755115782960 4251528000000000000 
2126522820799377000 390370975948800000 
225225 2592000 
2652116616205056000 1032997802893056000 
742899773899483200 1142113941061632000 
356206138928640 323823762662400 
560874229705209420 2380855680000000000 
26310680716320 78414739200000 
1102701600 2594592000 
55984146660288000 38894420262297600 
1528978795344000 753220435968000 
3493634344200 6584094720000 
29875045200 80015040000 
26640900 23121100800 
281206918792800 1516975423488000 
3092067178200 3995671680000 
8261850332736000 5690998849536000 
21408154906369140 564221981491200000 
91446810 278313880780800 
97144208310240 2321901158400000 
7695741959805900 507799783342080000 
18490359221050860 367332019200000000 
225855341712000 564638354280000 
6900395976797122800 7907006848617676800 
277749919451347200 78460462080000000 
103457773684980 197254963003392000 
10411866429148800 36204243812352000 
1870827910503552 239719573094400000 
227435595807420000 28010384962560000 
148478405595520 36985305563136000 
1880982734400 1269625887129600 
1971788797440 119772072577597440 
22239974430 180551034077184 
2384283162714453000 574909982760960000 
56380030106400 42032390400000 
140392343091000 609499054080000 
284155351736256000 206599560578611200 
8490928910143680000 1431019445087232000 
7174519270695 1479074071160291328 
1171300 75998243711877120 
151180255168800 10170959029862400 
179527894020034560 1137177979037100000 
4450890154510800000 3535705938885120000 
3926434512 62985600000 
82610728200 24766945689600 
68612544000 855512658000 
2775498395670000 10609137000000000 
507346187053305600 749872789585920000 
882101901158755200 5355009929222553600 
9537621759666000 2000741783040000 
1388415600 917294284800 
6009003000 361184624640 
608815424463966720 1249787982643200000 
793108744354080000 251669778167808000 
39109150080000 1345721411034000 
16905234931200 1857281297743872000 
3713234217264000 2802159360000000 
935041114687680000 2098276787126520000 
9663367306320 20090783268864000 
2501791553881620000 289989867847680000 
338230791368870400 1395917039075328000 
801921063735792000 256656242304000000 
175160571505920 22602131177472000 
56182368060 1304596316160000 
12789750846600 297938874846412800 
2730756 8106479329266892800 
319678959600 1839366144000 
354590946549840 21257640000000000 
2131128542715480 909977211749007360 
1297944648000 152562932121600 
57616158600 113164128000 
69262304791680000 145337912391672000 
776819871828000 1043349789081600 
18156204 440301256704 
459149600 474989023199232000 
516225261552 277389791723520 
13722508800 69837768000 
11456015196225600 13332791808000000 
5040582292335744 370731456638484480 
35815200199309440 7616014121560965120 
233141865236280000 57771418985280000 
397109770457400 6046617600000000 
26334 31850496 
3678372001624320 228532659683328000 
274537980007200 3900793946112000 
523250521073280000 1160436820967424000 
79732922068800 4208105877405696000 
111740428800 190702512000 
85801279200 4875992432640 
5901321666240 50164531200000 
4598123274888 101445409544601600 
578275097400 83235962880000 
72648576000 2329089562800 
6309453150 371589120000 
928308554316000 2057529600000000 
4843800 14533263360 
22910580 3647915698170101760 
6492640 1014686023680 
324486162000 36369491558400 
82129520708235000 17300531888640000 
37191117600 4388898574360903680 
56463835428000 208024656840000 
295666274549646000 45310916851200000 
14604012649306080 235092492288000000 
1338557220 10346434560 
21119019610689000 12448054080000000 
2188853854387200 37896632339005440 
67168281174508800 122903101440000000 
2333760 34992000 
43245694800 116237721600 
704316683790720000 116576554558464000 
32108554702224000 19946393026560000 
3100796899200 479088290310389760 
23152702980607200 47784725839872000 
7731052560 31171154647449600 
58988379450 1934917632000 
64399667824800 5143240516829184000 
748032891750144 8351578134900000 
16099916956200 1963782742789324800 
8046715731054 156551557939200000 
2827032848640000 3530475604656000 
12654311345676000 17216467107840000 
5867791429500 53137244160000 
956673363325680 444006310241894400 
1379775947898348000 272323187136000000 
387407475 569986827839078400 
758420946763480 82556485632000000 
43657713008910 79888260016373760 
1787138370611193600 333653114995200000 
16173197924083200 5703472051200000 
26235 121597189939003392 
123351749698603140 6191736422400000000 
23190503836500 48946978080000 
8944513277749777728 6197928158822400000 
1084231348200 2789705318400 
1406872593126000 1218840851644416000 
4806235193760 1757943536025600 
40763504210 6763027302973440 
231310038960000 3525043027968000 
110430970650 360067680000 
6544057520 157464000000 
823259731025160 733835427840000000 
16786214297012160 14232275164800000 
229732925058000 293321419776000 
279770238283536000 52519471804800000 
123194281062352500 53676009192960000 
11302200 11890851840 
30101770033335000 76860101129011200 
289681766317944 547930452787200000 
36664828200 62868960000 
1440082638635921280 2719318907289600000 
880128793605600 8766887244595200000 
2610186579000 3879912960000 
264385836 2462343096264818688 
36972596627366400 108399978086400000 
3033683787053920 124825406275584000 
52562893253270400 19962152179200000 
481152638241475200 381095632512000000 
20615489341200 6018367802572800 
143256960 4428103680 
8892431376091200 637729200000000000 
26871802328170800 162919097155584000 
93612009889157760 405076140000000000 
12750560654832000 14411268961689600 
1038934571875200 1517923887480000 
27303154083485280 396667402164633600 
13180059200 22196256768000 
11668014565592 28888165452349440 
5048272944000 52509870000000 
2217488809536000 33357220718421600 
240913260744156000 143775024624000000 
1413720 4960687226880 
766405411200 17657914982400 
2120274636480 2858202547200 
226829100885266880 138009940992000000 
89190429728400 199264665600000 
187817782344192000 739346190815232000 
6511893477289200000 5595404765670720000 
874281994636050000 309247007509440000 
4746304111024476000 3097158156288000000 
227026800 1102701600 
2027425882626144000 458503325280000000 
2140380 2770769301995520 
497420 161243136 
2042975 1289945088 
121700105410884000 1632586752000000000 
6152582650500 50519700000000 
2362138117859520000 4284689800495104000 
585667486639620 17631936921600000 
1096093169851680 4513193553517608960 
4218103781892000 12236935082803200 
32314081766400 261475094200320 
2646483840 5448643200 
3512396679599808000 2883439417098240000 
31572816859584000 6335682312960000 
1232419887578880 17343996493824000 
15863901576864 77035107872931840 
26620575231398148 773967052800000000 
820048293044904 4679882803280609280 
11704287971376000 9656672256000000 
1043898257001600 5250391360929792000 
53666389854000 7636932888625152000 
72475254797400 121884085164441600 
7160009497641000 7466363412480000 
7121424247217280000 3182135344996608000 
205837632000 2810970162000 
555934897056 305764761600000 
82235666262420 346657985428193280 
20182520098540800 6276836966400000 
3908354360841730800 3161682284544000000 
11692674440647200 2132971490377728000 
260223793830000 5035775754240000 
1948106160 5319877059831398400 
39204528940389120 1071001985844510720 
1925656074342000 15107327262720000 
32885646864320250 5742615551016960000 
361221240400020000 3731984910375321600 
72422159372640 59916195012280320 
737185160254102560 2648687247360000000 
5472134635968000 8034351316992000 
7571343780 312134860800 
544323780 4559894622712627200 
135061494343776000 47073008062080000 
104362830 1773292353277132800 
647161392837960 639252194918400000 
168275764800 1224720000000 
3084133852800 427277942784000 
26878752231786000 18176150645452800 
45981232748880 236705955604070400 
4223661230880 1248254062755840 
2443022400 731483095726817280 
15306795504000 1271993446563840 
84329104860000 103887463680000 
2328940501067980800 394220232806400000 
89219586456000 741632429260800 
1214339109984000 563171761152000 
27769914018000 783641640960000 
3964743948246681600 1527351986160000000 
137684547000 22932357120000 
1119080953134144000 277186101192000000 
8103689660626560000 2431106898187968000 
488392010796690000 303987704660640000 
129430704942000 6000447269634048000 
141374107728000 399983754240000 
987012 10823317585920 
299836817280 373621248000 
118690404120288000 37658406449664000 
117042879713760 585252864000000 
5178184395143760 215747615784960000 
146659312800 163459296000 
243839332737000 632073093120000 
143813905052617800 476171136000000000 
16955772017184000 4201557744384000 
5760330554543685120 7804798422220800000 
400148356608000 2747379879650706300 
13742520792 81648000000 
4496076821118682800 1513166054400000000 
355270856850 6088116142080000 
2212393978080 513684799488000 
2171481998400 40131624960000 
17609833818720 65751654334464000 
25492781068524000 46462112892518400 
181416306202560 12842119987200000 
10440746316000 8406478080000 
5121436320 13716864000 
5890248000 2774532096000 
7436429000 100776960000 
446626220040 12176232284160000 
63488880 319334400 
4180102846920 107495424000000 
3971097704574000 3871447695360000 
17700172929552960 510183360000000000 
676278124221712320 4680952735334400000 
1236012097320 2739652263936000 
9064099935475200 9151628297011200 
707523594189984000 993257717760000000 
385504479360000 2384987712307200 
8817900 207360000 
364415325020208000 197111994089472000 
368349530028480000 166229531500032000 
831147657500160 1337301365400000 
92658946440060000 22596613079040000 
118434980631567600 106662334464000000 
4332106586808000 1318135762944000 
267013066320 532710162432000 
19632172560 88179840000 
24934429725004800 38960046445320000 
18056830100485176 3962711310336000000 
1510759286731094400 786333202855200000 
132517164780 404157600000 
4109947274664000 12068081270784000 
4187106 1094374709451030528 
6748966051027200 31609433609994240 
100566385920 251415964800 
826879173120 2611801824952320 
4711721414400 5809091904000 
2509710 3478923509760 
1251772512797664000 1255080452161536000 
20654625831840000 22131662192640000 
128501493120 215550720000 
294188400 7524679680 
14176637697194280 1112194369915453440 
441723882600 588453465600 
14546289279150720 114423289085952000 
271023955975773000 4170728887182950400 
3176878163659200 1825111056384000 
30260340 1761205026816 
296838449107200000 742838218890768000 
1072071000 21392910000 
60339831552000 1347766493673600 
676706394 417470821171200 
206379406870 584325558976905216 
313950312643968000 126150474498048000 
555176121047856000 241990171315200000 
25740 241920 
6504438295555200 32774160384000000 
1941487718210340300 1764956885852160000 
24548603991912000 33331979520000000 
195907486758984000 97339256340480000 
14470874393976000 3501298120320000 
1065914825684108400 522645438873600000 
113380261800 1624959306694656 
2283527437191000 3945099260067840000 
14572069319808000 21464889410764800 
1548901926000 2690072985600 
917079015352500 1139129671680000 
50541243512760000 10874620044288000 
344867425584 15407021574586368 
2210097180170880 3162727814400000 
90341318658591000 1895785857810432000 
407688900310692000 241030539509760000 
2729227149689040000 278770021770240000 
442599124968000 602576348774400 
2057028610969332000 401524432404480000 
575032998066426900 1382343854653440000 
1726061465047920 330225942528000000 
561569372364000 1340897918976000 
877459482900 1442779157967667200 
5260405550400 3999345727808471040 
1119632580 8806025134080 
1156513438080000 24644873027174400 
14384815461324000 20113468784640000 
12845281831200 31109847552000 
465585120 1197504000 
702800983967544000 392212641300480000 
2035463651020800 1821508664976000 
125149745841120 7085880000000000 
277554880886400 10532143654502400 
71241227785728 233610577200000 
108013857564412800 23726443732992000 
21654225652419360 832169375170560000 
642507465600 1077753600000 
178035606180432000 29566517460480000 
206546258318400 478235197440000 
53524680 1202315964973056 
526567555626512400 1235032142400000000 
5209514781831360000 1402561672031520000 
1559558371250880000 152056375511040000 
39916800 2677114440 
159603926882400 812665405440000 
12612368340 234827336908800 
2384834321610180 1213302948998676480 
1110999677805388800 285820254720000000 
15831383952384000 139955026747536000 
5551440935040 235438866432000 
20259224151566400 8810456054400000 
1801289918794766400 496835787571200000 
16725698474284800 30901351219200000 
120455091544788000 2843678786715648000 
87995587680 194594400000 
1636961715676647360 1619316640972800000 
600669389836676160 2776671815152435200 
972413525185502400 497757560832000000 
126991414341792000 2266282208526336000 
1117404288000 3962374416000 
24452775547200 433421549568000 
840097048722624 120367356051456000 
