1990061463314925000 2463795088634880000 
39653149536000 459105789542400 
796343122575 13436928000000 
6540631513416000 4957091758080000 
5033196300132000 36118462464000000 
147026880 419126400 
19711084969976400 5296081190400000 
45505256805808800 355983566045184000 
1158315627784224 74300837068800000 
1368820252800 3146591448000 
298690418186206200 494187928038604800 
4005801139059720000 604001713835520000 
1643157331200 1813751267328000 
1602078397920 753404372582400 
197110849699764000 30011126745600000 
6411517748475840000 2196390791282688000 
10275832148400 24374389600419840 
10666171520550 283435200000000 
51888 1583296743997440 
4023659640 1948197165465600 
6214240279291968000 7769993899256709120 
19019224980756000 1706207272029388800 
14749371000 5595306393600 
24165120 2015279185920 
1001829765736800000 3469150954715846400 
885780 5411658792960 
4390495849499760 60429309050880000 
6495879824113680 9481096396800000 
1232367998400 1088250760396800 
2791681686315522000 1086375628800000000 
396531495360 68015672524800 
8652600 1433272320 
52548171451776000 4100891615428608000 
39044499109308000 60340406353920000 
8332497583540416000 1000370891520000000 
100900800 349272000 
54151332335100 96842627481600 
483168365316 6522981580800000 
491132706704640000 609508282166784000 
673039665698400 4383443622297600000 
208166160664800 7723572013301760 
66691392768000 34283810182822200 
2498640144 46656000000 
1255317429125760 83216937517056000 
69393011688000 686696693760000 
20058300 26121388032 
1574773200 27869184000 
158200242200 432833747390300160 
92395367064000 524307043260000 
9657700 8707129344 
287711063640000 858166493184000 
4655851200 8382528000 
175209644177568000 52281827136000000 
17160 591360 
7640391983600376000 1265410332426240000 
1810511039487150 690392370511872000 
610048454400 3905611062312960 
1689810303521340 1369826131968000000 
5262136143264000 1400519248128000 
1864104030360 52601323467571200 
36141044940 348364800000 
2576722648500 7530304320000 
29343330656640 706316599296000 
37659522873772800 553752213848064000 
1248071620151131776 3854241261158400000 
49550238738000 90128941056000 
304779394420300800 2372658720355123200 
264893428800 673296940384911360 
771779967678720000 268316145953856000 
3019917780079200 18059231232000000 
714426263401593600 717352796160000000 
3108105 6879707136 
38122537963910400 8473729904640000 
264739846971600 474054819840000 
197712495087307200 1713994947624960000 
119098241088306480 1941728542064640000 
402335786552700 295882444505088000 
1423885936112640 843611989459599360 
59479724304000 529737449472000 
9576235612944000 13390585528320000 
75896194374000 173891631513600 
8648640 38102400 
872182080 100370350080 
4455360 48384000 
126620150947290000 307974386079360000 
14295468781440 5550078878023680 
262080 7096320 
9173872772064000 6951148594790400 
66265290 369937612800 
186513492189024000 39914798571648000 
333572207184216000 56491532697600000 
388849887231886080 124208946892800000 
41799616320 36691771392000 
72663867816059520 396809280000000000 
948964262400 453437816832000 
58343356817424 6317841784428822528 
683338116661200 253143869187686400 
28540937513088000 9959247986688000 
855036000 435997900800 
228902473800 3847411087913779200 
617512896000 9410639238000 
602283151860390000 503212586184000000 
2973986215200 171992678400000 
548340 15461882265600 
54205282010880 109994484600000 
15995470474368000 42228227713351680 
439361100194016 85614133248000000 
332640 1663200 
612079941919446000 1629190971555840000 
1042622449440 1109559166894080 
13218479072568000 13073754710016000 
26707923242000 676302730297344000 
309206717820 1400263200000 
3179779095480240 2599934890711449600 
1316189224350 5194004968683601920 
2549632800 44789760000 
14753304165600 66217181184000 
11565134380800 12553673932800 
173588164506900 877478025615114240 
250699680 1741824000 
109027350432000 105151458249277440 
8154553575168000 21316855690690560 
15504508279260000 4751761734720000 
5397062711040000 10434321241344000 
7324893511423488000 3742940091002112000 
3809332800 35517081600 
12850149312000 9527341824000 
1870082229375360 7864605648900000 
76488984000 219469824000 
7054320 96768000 
15896036266110000 3883792872960000 
86904529895383200 7594316075630592000 
3037062600 50164531200 
5178799145520000 9868914671616000 
17260614650479200 323621423677440000 
928624717374354000 927040536576000000 
71461108118400000 500891674675392000 
500358310776324000 94152554496000000 
37711260990 361102068154368 
25675414324560000 141642638032896000 
50616 3607772528640 
251415964800 502831929600 
53410681854129600 12226755340800000 
205323037920000 4037164233102000 
8130822550115265000 2267811388402560000 
30096740497824000 20085878292480000 
468533989311696000 295667991134208000 
25812039052800 26398676304000 
854894733428736000 8228114443877328000 
6852309593683554000 2323105644625920000 
5552650303200 250018636234752000 
1675009011789313200 1036994918400000000 
50600 283115520 
309232340118000 14042858206003200 
367290 364791569817010176 
444422160 1828915200 
886995523814400 9097423832296800 
4024460371350988800 3800540494201651200 
52797352608000 148419224553600 
2818953098830 103997395628457984 
29677938224482240 6499837226778624000 
6442946757046800 118486616113152000 
97566574433328000 158626936258560000 
117833299161177600 25421189713920000 
399671768976480000 254558664360000000 
9453484215504 273902605770424320 
1905040678800 486937965814087680 
122277202047000 112661176320000 
5168169426420000 1750649060160000 
76904685 28179280429056 
2432785715360 2641807540224000 
69069000 7431782400 
317478535854480 19417285420646400 
122524226697600 476171136000000 
1618699680 1547734414786560 
19656 3523215360 
129866821484400000 565202992634280000 
218950714382400 18835109314560000 
1129276708560000 20185821165510000 
534106818541296000 85587287385600000 
310691063708625600 2135901396271104000 
305310368975040 11585358019952640 
1382787806400 1667284819200 
417592274407308000 344673671498956800 
5256289325327040000 462171351882240000 
313296984000 14051849011200 
3698065101931200 3196845433741639680 
75558193787185200 1042682221795737600 
1144913883656400 12287500930252800 
319983955200 3426706483200 
12373104426883200 15494820397056000 
358290697708944000 2880409637710725120 
1749748000 68124672000 
41988109995216000 36606513188044800 
6701768889791976000 1363211298408960000 
17829365400 160308795329740800 
34028068882373280 2476694568960000000 
90090 725760 
136550026332720000 109056018677760000 
21289039200 1719926784000 
19600 3799912185593856 
50648060378916000 22907185741440000 
133393311324000 215102374502400 
1107568 97844723712 
1332170909961091200 1296243648000000000 
681905666442000 17006112000000000 
216469471680 3367870086575554560 
88495759123200 5650532794368000 
339740750258910000 407897836093440000 
1588015611000 10666233446400 
4737399225262704000 854151974387712000 
737665208280 21499084800000 
866421317361600 603542016000000 
35206748577000 252933282201600 
114125388577200 224042112000000 
13023786954578400 12614971168800000 
46600210882038 231105323618795520 
96325664106672000 171719115286118400 
26574260092380 19177565847552000 
537436046563416000 1140433680089088000 
3638027530800 5416531022315520 
12694817836800 137137287168000 
7200413193179606400 6556030674665472000 
2550240 1816657920 
843620756378400 3337345931673600 
1087394017710 62620623175680000 
19635 193273528320 
1173278867260500 2424945600000000 
153618779624310000 200486822215680000 
1253988489600 906875633664000 
290727360 17712414720 
23222793594000 180592312320000 
18378360 76204800 
33902046097920 23506216424570880 
97039187544499200 25630417612800000 
5718380694586560000 456169126533120000 
249864014400 678053376000 
10032246832608000 5021469573120000 
913223136695950080 1963952544153600000 
1569931359800403600 3870562793029632000 
2445544040940000 706144158720000 
193267346126400 493340344713216000 
23314186523628000 6796637527680000 
667886510491200000 1334288828736864000 
259835192964547200 96842627481600000 
182728255831561440 287988303052800000 
3265493511646080 80263249920000000 
27406959079500 40327580160000 
3016991577600 43476338505600 
180241588800 37150418534400 
380509640289979200 504722069913600000 
48002754621197376 856498058035200000 
96966348693554340 2115832430592000000 
11220156059832720 36569943244800000 
50388 8957952 
12129898443062400 3661488230400000 
31913185189485600 65473531200000000 
2573271312563952000 336595382323200000 
778320 2374945115996160 
397982021731866000 1053455155200000000 
938235658505221440 2082503861364326400 
203942248548192000 131994638899200000 
1588385420160 256842399744000 
63681966826077600 37952733772800000 
66892822296300 238978252800000 
1697080 2431943798780067840 
564859680 1902536294400 
4364860500 31116960000 
293861230138476000 152961688535040000 
7258372384420357200 2903585771520000000 
4684950270000 8606062080000 
89700 943718400 
151532656696 3851755393646592 
229466952000 482833612800 
50400 415800 
48459472266975 4991874990165983232 
34918884000 79913433600 
280624186575532800 8121699136438272000 
1695331688277427200 740168600371200000 
14115694320 609499054080 
751077302976000 1138199769907200 
6850263420 270888468480 
84810985459200 58354968672000 
22086194130000 14711336640000 
20030010 30958682112 
2141691552000 2112397056000 
2481256778 1014454095446016 
379860452841870000 692942368678560000 
190824717283200 238421729145600 
1166803110 5642219814912 
5088659127552000 6505388089200000 
237932623306224000 91516282970112000 
181195066804752000 144618323705856000 
941432800 6341787648000 
4961293495844400 96745881600000000 
9471560310248400 22754631352320000 
1252786547212200 423111895642275840 
4818805992000 5633058816000 
77043022956900 98627481501696000 
313775792842075200 2976069600000000000 
1532655000676800 83901850583040000 
88884432 1555200000 
218296913817153600 248314429440000000 
1753901166097080 351588707205120000 
30520389630931200 7551819475200000 
5710382959349376000 1389086437939200000 
29123405625600 156764160000000 
31571867700828000 68263894056960000 
214057031348160000 105125395415040000 
4355484854900400 4606759634479349760 
1903351177728000 244222741740257280 
30531036897504000 96544650166272000 
10272278170 64925062108545024 
2613390386607000 16315913443737600 
425188161478080 75340437258240000 
2477881255449600 36728463163392000 
173770408240 528361508044800 
2552182432800 4073908608000 
321042103200 5804004055449600 
6840682632000 65368773550080 
169403660563442760 546111152455680000 
98672427616 1925877696823296 
641171050071552000 4936868666326396800 
454257330357600 3218155005542400 
2717926002071280 14832648585216000 
47621780378172000 1047441356881920000 
10210200 50803200 
5624823108224880 2396647800491212800 
5049070226924724000 1744910461963468800 
1348892220295620000 765908963820000000 
53595146404800 437532613410816000 
73982844936000 121949975347200 
1232419887578880000 4933885224812544000 
10972794178710 76084057158451200 
149521680 679477248000 
882230895 174142586880 
278286046038000 322650488160000 
55426800 699840000 
411863760 3135283200 
4002731258803200 673717908248985600 
181668985898400 360067680000000 
722715366172800 20975462645760000 
51159656948400 112021056000000 
941327378526225600 8928208800000000000 
23014152867305600 453069993148416000 
245790589603104 760840571584512000 
12037886733656784 1981355655168000000 
3066842656354276800 1791927218995200000 
5919903161172000 7205634480844800 
41064607584 816820200000 
5083737120 4756340736000 
1240360662340800 539415676800000 
3030899299279488000 1580471680499712000 
2331418652362800 1568454814080000 
38846142580608000 126684683140055040 
910294607805580800 942818849280000000 
7081585999488000 9268198126387200 
35586159840 14269022208000 
2170631159096400000 1350614943437760000 
205448061218400 1625121135525888000 
2609070750 6206523236469964800 
1483630051503600 1232231616000000 
654629439784320 1904684544000000 
2194723440 6190937659146240 
29566517460480000 3833553320442846000 
650538808920000 825985249689600 
7351344 43545600 
180684273369600 303584777496000 
15854568345415800 91767649075200000 
625122980476394400 324464187801600000 
1701218256639501600 319394434867200000 
4176298526400 22044960000000 
1412938223820363240 8847000669782016000 
992107116000 5007163392000 
68840085600 313528320000 
801463812589440000 2692837454359852800 
113301249193440000 68637212227584000 
2298296547106560000 8105668583620608000 
7776997744637721600 560207699251200000 
11754449205539040 18962192793600000 
85719204680709600 275463473725440000 
256332543667200 234336663738777600 
5837513625723780000 1954746516602880000 
254829799224000 301288174387200 
146732642456400000 83685347665920000 
706490500716000 418254617088000 
15902059773600 16182470304000 
23944377600 49037788800 
908561253600 21679995617280 
950352346944000 3788361025201853100 
39277766387059200 13688332922880000 
6853770 890604418498560 
591330349209600 6498159880212000 
8957267442723600 169435861041807360 
136882025280000 15652864833606000 
18772461876168000 11882233440000000 
7093507861440000 84013525499904000 
640179540 10497600000 
538257874440 21936950640377856 
2670130663200 1864485568512000 
2671546041964800 2023898516640000 
8672584394073600 85699747381248000 
175564319570640000 45193226158080000 
10680522652800 2397195730944000 
3761839604267745 1320903770112000000 
1301483303643600 19591041024000000 
593137485261921600 6284648141291520000 
25429815840 158508452413440 
991004774760000 5250845343744000 
422850225798000 336595382323200 
3295208251455120 391541969387520000 
94594500 810810000 
612621133488000 933295426560000 
52307640 64488933949440 
7438223520 1196972338462064640 
168840857704428000 440529662980915200 
6112313586880300800 1460088845107200000 
18097886448600 1095610423081697280 
501155823168000 253427292518400 
3114586434960 48372940800000 
41038250228375400 4027288827985920000 
12045509154478800 677066377789440000 
5543722023840000 216821934669740400 
993488496000 9029615616000 
46386315360 266686545317068800 
460605600 178584740167680 
4195144800 74810771153879040 
13288820344800 2805403918270464000 
24347400 1087163596800 
243617414040 3779136000000 
17716198500 286123622400 
20020 345600 
37148293236600 1217344914535219200 
1449560534438016000 1053647786999808000 
7814272172747040000 2604757390915680000 
11035116004872960 408094035148800000 
19554575040 31135104000 
88749815264600 8423789045905096704 
1011949258320 3832012800000 
2264938335059400 13349383726694400 
83176446466713600 17261301657600000 
1528976628675175680 3460951336550400000 
15605717295168000 21811203735552000 
25808011908325920 5858472401200742400 
30289637664000 129667230000000 
3645351454644900 2047448726435266560 
2493442972500480000 7005016350868536000 
3180411954720000 1742312636064000 
45050204237750712 1547934105600000000 
203549721132741984 4160846875852800000 
22876817040 15410543984640 
5309065023816153600 1802149635686400000 
25717585134384000 48498912000000000 
102069840730057200 2346034999040409600 
5212420325029008 167176883404800000 
5952642696000 22583328768000 
1470268800 4410806400 
10622378999232000 270188952787353600 
22230464256000 2671465728531600 
188790 30198988800 
2293468193016000 1657084959129600 
144956053443801600 380704647020544000 
749098240800 9943923032064000 
4223788208640000 766710664088569200 
380933280 3228825600 
2253231908928000 4173399156326400 
2397592197000 9196830720000 
286683117876595440 849506237153280000 
1617319792408320000 184868540752896000 
675363430817712000 500601889751040000 
18479073412800 82785322620000 
155853099419472000 540650040931123200 
2477511936900 20901888000000 
26308517491456200 1958851368714240000 
61963877495520000 60071654522880000 
7364581197573600 3910952263680000 
800045910353289600 1156946589646848000 
437580 16796160 
10022292377697600 569573705672294400 
2908990460806630200 6516763886223360000 
295323967224000 518668920000000 
20160 1021020 
482356317643200 2762705930394009600 
1411015714908800 25427397574656000 
924516275482800 506287738375372800 
45827275429821600 8445725996545474560 
62138212741725120 847579919155200000 
702257278282560000 153656968937472000 
297398621520 38526359961600 
55678969920974400 43041167769600000 
7808899821861600 27427457433600000 
76223753060 779100745302540288 
1319704069894610400 838061199360000000 
414393221282040000 867078015861657600 
475837794432000 2295528947712000 
6180060486600 14915884548096000 
619470313862400 14126331985920000 
24782430816000 57926238289920 
57660926400 193729536000 
166971627622800000 215207875602720000 
1267892619840 163648561899110400 
754247894400 9321014102400 
1466110800 9524519475609600 
17485639892721000 10979183698560000 
13679416742791800 1627353444777984000 
1562854434549408000 566251606720800000 
2401719891726355200 337903056691200000 
756399562776000 4408992000000000 
248026779000 2275983360000 
28325312298360000 26398927779840000 
294033967052918400 2059619203547136000 
64083135916800 8789717680128000 
5287391629027200 7999675084800000 
4390495849499760000 7233891870965760000 
1615295197676160 8357765839847424000 
61751289600 209513304000 
179852296039416000 62523180720000000 
17670744000 2972712960000 
123682687128000 55576160640000 
45417246474600 102876480000000 
757724824819872000 464844611911680000 
40477970332800 30177100800000 
11499940683000 4800357815707238400 
111314418415200000 135061494343776000 
6607906580411136000 1312986795120000000 
18053528883775 1663958330055327744 
1828799029785 45650434295070720 
952972020 1669883284684800 
637782242217120 365652255493324800 
381225379639104000 48017802792960000 
6671444143684320 12546358272000000 
1451182990950 7011906707722862592 
12261240005414400 1955223866179584000 
20349 15925248 
26824189392000 86082335539200 
107740387437282600 3173748645888000000 
184862983136832000 333871932506112000 
20482503949908000 19828367032320000 
4084080 21772800 
3671984377471410000 2771769474714240000 
11169472125062160 196600014884044800 
595355219501328000 737418608640000000 
481345176312000 304185176064000 
983291400 178362777600 
43288940494800000 386717837065560000 
1039705580833920000 123245693835264000 
260475739091568000 83155830357600000 
445951516696926240 3670705963008000000 
4630679806072320000 1479065035960512000 
4437686213052206400 4714094246400000000 
1544423025600 26817958379520 
950961249037800 731231688012595200 
635745396 31701690482688 
1514268756000 8583708672000 
131370428629440 19976631091200000 
114462528180 25048249270272000 
311369002560000 2782485664358400 
381447237600 440301256704000 
690240521880 3287582716723200 
16657096655707200 748952437653504000 
136017764870988000 977514582933504000 
142482455571456000 424546445507184000 
1387660381886338560 454138962076800000 
346686561153092160 707921864294400000 
8314020 117573120 
40613499251325 65840947200000 
25415025309273600 7604629401600000 
5846817936960000 3613685467392000 
7277939065837440 9200662732800000 
354860518600 219122084616339456 
13878602337600 312134860800000 
48182036617915200 947892928905216000 
1238166289832472000 867709942235136000 
3469150954715846400 407798251660800000 
412275623760 467026560000 
33720548400 66671636329267200 
2349167921100 4115059200000 
632031550454304000 170729965486080000 
178693359768 99067782758400 
367572680092800 666639590400000 
954667933018800 42515280000000000 
29269972329998400 89270570188800000 
203795336745000 241965480960000 
97535733094800 379243855872000 
83518538400 50153065021440 
21533311800 304405807104000 
21474180 23219011584 
3089196326342206080 4137563430000000000 
109815192002880 6865397345157120 
6194703138624000 488805966544896000 
1351617255084096000 250092722880000000 
801439718559480 15672832819200000 
70682976 203843174400 
8592011397169200 8380611993600000 
169886532816000 173820100608000 
4653946718775900 225688792596480000 
2627408572588800 79107459121152000 
786853795172445000 206164671672960000 
19687599360 164379135836160 
13460793313968 626206231756800000 
364446995552640 63285967296921600 
2594741688000 3835844812800 
6605806165096320 283435200000000000 
14581405818579600 3656158440062976000 
370265149974479760 361335118233600000 
3790593263457000 1464595292160000 
998181241200 16796160000000 
289095912892987200 99810760896000000 
151851736148112000 222436755033292800 
28573068226903200 195790961324851200 
159445786500 1573679923200 
1787940 692692325498880 
23633710538760 410853908655636480 
169388331840 2234829864960 
20475 1358954496 
134926567776000 73229764608000 
325141689600 9809952768000 
27704921916672000 209932540121304000 
77433789232800 2579890176000000 
17753775069064320 1284211998720000000 
1847560 100776960 
1543055108063040 5290790400000000 
8217027977558400000 3657049693000704000 
12111265726560 66134880000000 
603380175840 601836780257280 
2112404914620000 38178873763430400 
2778808032000 48910880818800 
4617486986112000 69977513373768000 
4283383104 46558955520 
36751427032320000 30185000733888000 
349188840 1117670400 
749592043200 1017080064000 
289579317300 4063327027200 
2465108393267520000 427447366714368000 
1616105811559239000 6220547345940480000 
24638764550400 48397573224000 
825444193221648000 884902330368000000 
2572599892262400000 6226681200772032000 
35215834189536000 6669139276800000 
133428882873686400 36614882304000000 
2273560212000 104485552128000 
1191289065120 339031967662080 
74938456683090000 64362097800000000 
17450721000 1959104102400 
35249277526848000 24638999261184000 
1423802179800 1009945410577367040 
1029615350400 17878638919680 
7724847101811840 6268324379885568000 
462916532418912000 149376648960000000 
4238329220693568000 1036236040519680000 
8410062920523264000 1525165461211392000 
160975937358600 3652034743605657600 
2616252605366400 2253223526400000 
8191050865301304000 3310050744000000000 
120120 1296000 
5431533118461450 1518863215126118400 
92544171720 12524124635136000 
163452490241040 7514474781081600000 
154772829432730080 7705271992320000000 
332705785866854400 72407797862400000 
7123908609417600 15928241946624000 
24504480 108864000 
16255955515800 322486272000000 
680311148259600 23732237736345600 
260215523568000 225268704460800 
131673239677980000 56781232865280000 
1307674368000 1558355008310100 
611591518137600 482833612800000 
32211224354400 109383153352704000 
338783012568000 1048614086520000 
92862471737435400 330363536670720000 
1408269943080000 7895131737292800 
6998018332536000 10056734392320000 
63778314600 429185433600 
7890371113950 526486815369068544 
4846342026240 21891870000000 
18834470054400 27345788338176000 
782372190600 7357464576000 
2606210162514504000 2867083550392320000 
2973557961185011200 728211163680000000 
11736838080 41094783959040 
1094753571912000 102546706268160000 
2260683072648000 234603499904040960 
2660065448040000 10414899855360000 
2731000526654400000 5324357178556416000 
9880206336000 10953009486979560 
1818846350751830400 585838116864000000 
3914235499680 752295975321600 
5007251423824650000 2942300746344960000 
2021649740510400 1408264704000000 
37731250917360000 15258990665318400 
378873802315008000 169036004109772800 
1806849455581170000 523341089631360000 
8595440981550423000 2498374246072320000 
74833116420142080 3199457235566592000 
90201254598655200 2033230332501688320 
936491920 128247036263792640 
6943526580276 350991210246045696 
2007083816914176000 3410696910510489600 
72156490560 594330015278039040 
39501971903394000 25493614755840000 
18480 216000 
171450567562560 3779136000000000 
2373717226280400 213275909003673600 
557347046256000 695280402432000 
1062962153036784000 834679831265280000 
14665931280 36883123200 
21901205522196000 13802402363904000 
76256056800 358099609190400 
630080835792408000 220838437822464000 
1927306085953248000 575100098496000000 
12410683129244400 148803480000000000 
171102531600 770144760000 
5793635326358880 1952824133733580800 
24638856212470500 11090084544000000 
1009008000 7945938000 
112978568621318400 1028396968574976000 
4216805903805264000 1866932172590284800 
32580240 865865406873600 
389889592812720000 50685458503680000 
96659442042683520 1845840712826880000 
1821508664976000 1238977874534400 
4181424618571200 13243436236800000 
657550693800 366693999810969600 
765033639289920000 6764222650055270400 
58198140 362880000 
292597314240 85614133248000 
12614075061588000 3766102179840000 
449755225920 435891456000 
1216029919104000 11803553169408000 
356587308000 1454653883547648000 
711723196800 226718908416000 
3147415180689780000 465672650002560000 
289128359520000 507183925248000 
99768240 489888000 
58286524986144000 167344060288204800 
1814632807082135040 759054675456000000 
6137150997978000 23808556800000000 
81681600 345945600 
1219618845244800 20322140996757600 
509855621370480000 290388205578240000 
35738671953600 9250131463372800 
116454478140 1489886576640 
48959791699618800 82005014044800000 
3187800 3633315840 
97821761637600 84737299046400 
21443927604699600 7966754611200000 
117544492055390400 69528040243200000 
10306890594000 12322316160000 
164562288877546560 401483464704000000 
552210750 424673280000 
8604045026577000 21218274000000000 
668816455507200 1081547292672000 
6994255957088400000 1097656960720320000 
64329609516480 1977686478028800 
4857210415512000 29255954595840000 
1700074753977600 741015475200000 
9801132235097280 262133353178726400 
325909584 4665600000 
184296290063525640 2780485924788633600 
75608734385036160 1606502978766766080 
18941078772000 4457475114585292800 
49717839600 1049760000000 
14295951736466400 5069752934400000 
260974564250400 2386541527695360000 
331281720 44646185041920 
2998368172800 5763453696000 
157213545489000 182924963020800 
12598354597400 3302259425280000 
939088911720960000 1168643979030528000 
197892299404800000 566061927342912000 
209607311007864000 147833995567104000 
20955702244276800 2350621642457088000 
708646935796800 1203214686879744000 
18564 2985984 
25741485 928972800 
30923234011800 9027551703859200 
98555058201600 354182240412000 
10068347520 2245246724383703040 
7022572782825600 7081559654400000 
554372202384000 8200162156586400 
25141596480 59935075200 
93301528320 77084428861440 
244351800 1558557732372480 
549700831680 2000376000000 
168951528345600 9617276622713760 
9154733702400 2260213117747200 
6035489460 2504824927027200 
555761606400 3373164194400 
111656555010 2817928042905600 
2629575 36691771392 
263340 88473600 
1517753542688182800 2870175491568000000 
533715531494745600 74145136665600000 
8200482930449040 7799804672134348800 
2529873145800 5364817920000 
1422621200 8817984000 
553098494520 366917713920000 
90856125360000 800955393638400 
274944364709414400 68441664614400000 
303584777496000 148203095040000 
105338591742384000 40558023475200000 
1299175964822736000 225966130790400000 
650443829555520000 5712919733993472000 
24648397751577600 842147385311232000 
36652770 1731730813747200 
4274473667143680 5059746291600000 
4096500789981600 6437781504000000 
1459671429216 2219118333788160 
67713112876819410 3417442234033766400 
1612308139690248000 2965127568231628800 
6380456082000 6789847680000 
17315576197920000 38246819050440000 
125732684800800 3757237390540800000 
1026615189600 2247565320000 
44881973505008640 180885929924700000 
13813800 3185049600 
2574148500 32514048000 
17153136000 135080946000 
164295142304693400 608231296047513600 
1116961481631996000 395250613148160000 
55636126931385000 65604011235840000 
974381973617052000 210901722071040000 
136284188040000 2936836443340800 
4322113587882090 616421759385600000 
6172220432252160 7407106560000000 
147920805648000 2314458232573132800 
55509967913400 826686000000000 
2785874152123062000 2039489180467200000 
706758212160000 316784115648000 
3284260715736000 190443883069440000 
30695794169040000 20921336916480000 
19564352327520 59744563200000 
28137451862520 91321742131200000 
61131938868000 722369249280000 
989543488377600 46341432079810560 
41674865365092960 56886578380800000 
680759606498400 2645395200000000 
23490600 47498902319923200 
1320721479 6679533138739200 
8449619658480000 178079082518937600 
974382948000 87767863787520 
18793343368800 15088550400000 
2505433700 43283374739030016 
1890242507377224000 197720364441600000 
818809200 2507653251072 
2419457461473452400 2327947776000000000 
2203190626482846000 3464711843392800000 
1877567003912600 4226892064358400000 
247140618859134000 7896096382648320000 
8658505523304000 58511909191680000 
320464091124777600 77436117158400000 
3298204990080 3872727936000 
13983816000 207807697649664000 
8180071900 44089920000 
1820504 4863887597560135680 
23371634000 787320000000 
4995897112206000 6931302840000000 
191413682460000 102979356480000 
4546348948919232000 2212660352699596800 
373750372195200 614515507200000 
13337877571200 572116445429760 
886998823648938000 110040798067200000 
775657786462650 90275517038592000 
67104303670134720 8897554959323627520 
1450847230296100 4565043429507072000 
6177263096004000 5530639564800000 
156177996437232000 156885056520192000 
4862213796375936000 1549496704339584000 
2208872160 76196155804876800 
176597050862232000 59839179079680000 
8047256817600 151073272627200 
778377600 194090796900 
13884156 220150628352 
8326495187010000 14852791800000000 
16425843033600 30798455688000 
49220661204000 131351220000000 
4929471993600 6166754308915200 
8762407589583648000 2928521055043584000 
607758453240939000 418116351098880000 
5742410473800 12962436480000 
1737704082400 1320903770112000 
139487040 10146860236800 
3903232853520000 27441065517465600 
7444484496841392000 1520925880320000000 
351045037084341600 529299489600000000 
1914136824600 5143824000000 
125114693932800 11301065588736000 
7420961227680000 4047797033280000 
58663725120000 649334107422000 
64117105007155200 167862142970121600 
92092000 12386304000 
108407304925920 4708777328640000 
340526021335500 3381513651486720000 
341034031800 41794220851200 
72093527906400 121037667906355200 
254186856 3962711310336 
8131375707045252480 5206259653410816000 
25257494160662400 81266540544000000 
3277200631985280000 756902846988288000 
17118808286580000 11928002042880000 
17561983397999040 145689570548121600 
4206302100 238878720000 
696049754400 1371686400000 
96611160603101760 2359200178608537600 
2650343295600 2451889440000 
252706217563800 370355328000000 
25983519296454720 80296692940800000 
5695208719200 1683242350962278400 
136880785846350 54165310223155200 
13768017120 223948800000 
21510032544000 38550447936000 
2251211436059040 26005292974080000 
2168211280435200 10271284971948000 
1771603588394640000 1947586272952320000 
77595170756400 64195923227443200 
371074685043731760 7255941120000000000 
4171658194704000 12124728000000000 
53117350 6449725440 
111152321280 439977938400 
70343629656300 127850438983680000 
30810497189472000 58918576324608000 
3087564480 8172964800 
16094638560 7143389606707200 
3294910080 15676416000 
45487119161484000 8238348518400000 
686125440 1945944000 
1192654483020000 1045387581638400 
384498815500800 55500788780236800 
168168000 12326391000 
3258024 1269935930081280 
6093558367243620 2853152143441920000 
214751460 7421703487488000 
183324141000 537878880000 
15208976205150 32499186133893120 
2003599296398700 27209779200000000 
1453351887187200 1320248160000000 
1044323280 98099527680 
361369891116234000 108128324304000000 
691538174061134400 8814831159214080000 
18712804133843820 2285099025039360000 
3451485465120 1272822148104192000 
29248649430 2077601987473440768 
72129646800 5485491486720 
24443218800 41912640000 
254661927156 4333224817852416 
18700822293753600 53479318412520000 
1960587666715392000 333456963840000000 
248547204048 40578163817840640 
2463876455040 5789183400000 
7689976310016000 2694871632995942400 
6493879142478000 98300007442022400 
16415300091350160 1398044550286540800 
6552840692241043200 1725300295488000000 
5220934522126923600 5925685248000000000 
31072794873120000 133559311889203200 
105620245731000 4018828817203200 
5155460177868000 8849023303680000 
22406283900 124467840000 
828509503223001600 6091274352328704000 
347351004000 9382336563600 
4341262318192800 1618247030400000 
558473606253108000 1228750093025280000 
103180524152706000 212376559288320000 
220098963684600000 91984720988160000 
155186660527470 276156948204748800 
258939957276000 284549942476800 
173482529220000 2517887877120000 
255468470400 5618427494400 
2279162717051220000 1655044169819040000 
1150844254560000 6579276447744000 
43714099731802500 73804512640320000 
266765571072000 784965679900201800 
31495464000 442810368000 
2272929452640 3466925089121894400 
23886301982400 132434362368000 
28880710578720000 8365092341760000 
7493461368531138000 1901157350400000000 
66927861000 164602368000 
104535615464280 2696845197312000 
8384722426080000 2416582232064000 
1626158460326400 6456236268081600 
729332069456390400 251667380764800000 
47605566888000 342843217920000 
3521583418953600 1482030950400000 
31712152792320000 89264370843648000 
15099588900396000 35396093214720000 
179902090368 359251200000 
277572046752000 1785411403776000 
191122349418000 179338199040000 
1776524709473514000 516245698805760000 
18900 176400 
1062010375773177600 839965883904000000 
272762266576800 8503056000000000 
32432400 201801600 
8208201953952000 17675572897382400 
90195613200 120231596497305600 
1987757471700 3236494060800 
257433027195183840 1417766490000000000 
219046489200 336648470192455680 
