133003272402000
2595889296000
115232317200
9343759304880
138524609583360000
18215086649760000
5754221272800
546200105330880000
17298277920
31302963724032000
70757740917864000
1549096937388000
1553639743656000
184342535549172000
6368196682607760000
4599976273200
546622987530312000
2158227552472992000
21681916478061840
10211394097476000
16987037512945500
173650492727712000
1197925885412916660
56280285901476000
13322392299216000
33765373585944000
55079002218240000
10389345718752
15487223431680
11987960985000
487401373803052800
10217700004512
22912030392451200
92087382507120000
3452532763680000
72425873520
794219540914800
1877658769196496000
584834389219080000
337912392291465600
448125678000
11802643332480
10477723733400
36683160614100
100037089152000
154656205149045600
12618906300
9687600
22844202449108040
160395464004375600
172626638184000
1471761011091571200
45821160
24807213246816000
1358963001035640000
6352062444000
302781643164000
1755583885440
808127182175040
1041871634127324000
21194715021480
1699175977820006400
5567902560
164259041416470000
902522205585
1069761924000
1871589827250
1757167297376400
100068281470080
591332549099292000
1048090303260000
2735883348558360
1786065658503984000
1465269269147043360
2677114440
52095147818313600
6986910366928800
87780
206253075
1503232609098
9620561692560
90135045
4685221240726074048
1598394798000
1767499487417664000
144989163064025280
1734226502105097000
2547164119500
86491389600
5137434093330
4164487727400
64217109404448000
8996462475
387612706981500
5684333709600
1457163124653600
45741696000
19399380
17071454400
4709794079401210800
601080390
6849173525219625600
14988890524608000
8769505830485400
81557280
2064901046208000
138524609583360
4804131578400
17599117536000
64373725848432
27014537232708480
72068304
823680
25308622691352000
8408400
1310045693799150
838461283660
745658552900701440
156437182301400
843013710
11735582859000
2340300247228944000
2254260414072374400
49440483892800
2043776091357000
670777794086400
1743565824000
28608542820
2759551895796696000
1445641797600
774814950
2818769731227450
366791633208000
406568785352262624
12263842305
2883741116256000
75724094160
14422278550680
694081287900
6599669076000
3574276741222387200
8720842017888000
16472278800432
522037315800
1699110
32346395848166400
1916656780500
31853724903000
85503600
88311312589500
46381007673000
373174488743360304
10625467212360000
207151965820800
12943227856759200
110468717963604000
3223281600
3082421251413504000
220884300
6433698134200296960
48236247979920
365560
1144066
123559128
7637879238303600
3652892546783800320
2168462696400
122850
2813745186252000
9612470387520
161781309647100
164963008736826300
121929080
46918010224800
519510331398240
5920200
213322636800
21025157301308160
52360
258909219757188000
54753013805490000
20992843872000
462620077920000
62644477896000
534293145706320
118026433324800
952435607563440
24131609775
3931704415344625920
15380937
33572428594024320
55920253058445600
22604400
60203540066670000
2885929366320
252812620181721600
40233578655270
435897
7050210004745107200
3785671890000
22007497992480
74364290
242964663701760
73945193254732800
105125786506540800
476531724548880000
47275440157239840
1665709665570720
24227280
680465604867048000
10810245600
36822905987868000
3750481165431000
160785439214400
53743604656341600
89325244008
25501121309664000
222717608393280
15735376800
226515377088000
1855874461788547200
2774762403368155200
5317046735000
229673524172400
26360118400
78685379517244500
1391280
59743688110797600
4434977619072000
1028630456168515200
6466460
90107817005606400
6696217985982000
1532810822400
1169363587392000
5111084748000
7980196344120000
258150321000
2133931800
5009148828684000
2474499282384729600
15093959760
36695491088256000
1791916815452400
234179431200
47208853830600
34128942604356600
454053600
40028664862105920
50741155778940
379480971870000
4200485243613120
78378960360
4154246671960
4054851765252288000
2948014975791600
4280760
418010284692000
21952479247498800
59308381440
189196856181074280
20303139536840160
880299919699200
388778796252000
1261405718657019936
3666482820000
7624507592782080000
2172776205600
1334288828736864000
135301881897982800
11921861952000
488864376000
267979155444000
1555399548927544320
2264247709371648000
282147410160
263616660116409600
2192186339703360
16310910265650
648083145386476800
468495027000
894139646400
1597008083869440
475020
19414841785138800
2362803134221530000
498688594500096000
49625135560
63145633719168000
15002966534400
18018
48188059920000
1855240306920
1241052458340240
10198531200
237003824534400
35963882955000
1020698407300572000
4326260289120
12966811200
617795640000
9097423832296800000
41902660800
160542773511120000
664478926254000
356948592000
87360
703017296982000
1907236188
353414880
40226554368000
144950509594800
1694036605634427600
46260537523200
1232690614736724000
2722720
40365040197081600
1399603666507200
3519823507200
1971108496997640000
78765574305600
256031299373850000
145392657951958560
17952
2791916536500
7816708721683461600
2060325507240
2233533229200
570818750261760000
520447587660000
2142980117017740
138084917203833600
10335989664
1610561217720
257760341915076000
66163082416704000
53130
66088582560
3056596943400
65771293728640500
25367309352665280
478056150
17847429600
337206098790
39661787880
401416763382835200
4740236628407280000
7306118820
2116523572363200
156431897440
2610098400
1474370320508205120
844732246176000
1088647560
129204235660500
193347154000
208725660
6139158833808000
1294322785675920
191137793648256000
53757504463572000
18424
2633375828160
582272390700
8447322461760
850369722429427200
1401561909618911040
168658209720000
178439172912000
219950678315768400
2428678219968000
6609690360
275369094000
19413757157652000
976784021593380000
258861409884000
24622950137025240
282748215456000
74135476800
77152755403152000
244798958498094000
1974024
482835409056000
2001433243105296000
237380808240576000
3714498869497416000
234085759427520
10356368790287520
293318625600
18360
462157457842080000
454261500
487678665474000
1412232107766480
870062193000
62018033117040000
200760303744000
1469306150692380
10518076800
724258735200
8992153642237365600
104609785760480
1779857420140800
394528334868096
106861841678592000
4424787956160
2312150729616000
32700417461712000
4011205791390197400
2514159648000
1586852229600
242438154652512000
10242872640
4122756237600000
197791248695040
7956349848615168000
4873619910159000
7162848
11780496000
218338171975123200
4639914160081200
312330018000
177843714048000
2238390
187336380
126977760
8360205693840
1352078
7942195409148000
14766198361200
322650488160
31901872860
1122221896773120
495266515932988800
1998518736614400
12155534490939840
83264951870100
123927754991040
18128199870950400
689198775174000
771008958720000
40954731125227920
736699060056960000
1278775364826960
2403480683435832000
243031179519928800
185317892880120000
1781740867146240
3547982095257600
623609303501184
6164920911996000
92516613189000
47621141568000
8664213173616000
534026132640
2336198689440
18964470995949600
3633379717968000
49868859450009600
131140481472000
3021518573462188800
78010008240964800
8892887421600
419026608000
5883768000
145558781316748800
40196873316600
205903485005400
201132771840
750341635243200
9423442828800
927620153460000
262596783764
607620
5019420
566691584659200
60979109020830000
176689553040
204008970477312000
501900759360
1005663859200
581400
2379326233062240000
2523781260000
2607276672000
558981495072000
4921121078874000
32607253879200
233253820800
33768171540885600
80615406984512400
860404502657700
23930713170
39181497351796800
53068305688398000
56124837315106560
688487527728000
542047911951546000
18903737833344000
593676898214400000
2144142000
5575554472809182400
4204691687196000
117386113965120000
377649043200
2952699750
60609538663128000
5382578744400
1030689059400000
49447812173760
315173761753923072
66670492529440800
98833672802592000
1353412788
1020872973120000
50190075936000
2054033145964800
51480
70471800
90352612350
4466262200400
96792236541000
145568097675
3882975436420680600
49097207983824000
391814973517968000
1514205
8151813469800
41299416127569600
214439276046996000
94875300
3047513816083136400
3370834935756288000
745376106479148144
4567054874382000
29144138639616000
5069430910564020
2756357027424000
4059928950
1978922994048
1834158030705000
7975468215
101082487025520000
404779703328000
27036964856341440
162020786346619200
37517081762160000
114914827355328000
4420194360341760
180682637317182000
1718380326932640
66258582390000
2445277554720
181613878045600
152659773826560000
25885009543536000
14631376032000
8427087339390720000
815377800621384000
146349861649992000
1057900428498513600
24448319284989600
6853260734732412
62053415646222000
446185740
1150065996132853800
120796711203168
157410
251793214455182400
38112374664000
211183061544000
107666559
879955876800
19691393576400
3452122930095840
1754918965800
39017002752000
8323726320
3241702800
1170798893199936
226800
16632
882466156572000
528708660480
47256062684430600
615237480
91776480283488000
6191382206100
2421902411824896000
101931919689600
26668197011776320
931170240
552552000
1405601967935088000
204638627793600
4070927302041600
555109761772800
30114045561600
941958815880242160
6333489162000
43308451304838720
715882973005200
17671763466000
413092516636800
1609381319392
16261584603264000
296313300130848
8751730478400
110254281096960000
4707440359221600
51787991455200
9325674609451200
328681119102336000
141277640689785600
1101317763401856000
85053302560512000
318107374200
3119116742501760000
79833600
562194032400
15720548325589800
18851684897584
127609121640000
1540692745792200000
5261703498291240
19487790734412
2221999355610777600
30083961600
17882792928000
54752810112000
1344377034000
1025956255709385
4163580701280
1362447521551116000
2619430933350
885971901672000
1113144184152000
40518448303132800
13769750554560000
8326646426592000
366244675571174400
7192776591000
1757701400
13728792
3602579837589532800
173155761979200
33451396948569600
175991175360
8025797466086400
7308522421200
2250259951935600
3954017760
833930517960540000
29904336
796461832108800
2234808576000
317687816365920
4092772555872000
3307023720
11463328800
118657161342720
202671653184000
465135248377800
860120071417152000
537213600
764039198360037600
54801847997276688
964724959598400
1967842755109123200
33992693280
17196754025451000
25443295637760
76300974077328000
6638187567866400
1060137318240000
6804873026558006400
344744482065984000
224553649606125840
539566560
18760095300492000
18255015811632600
9530634490977600
4740120
457169091630451200
2459803443886404000
32526940446000
265650
699425595708840000
3463115239584000
16800
4917768055200
1108800
3340738195258464000
58077087868800
280816200
33578000610
306531000135360
82455124752000
1238982483827088000
16697162762280000
436704293025
296010
3142900857096000
108112489246328160
5039341838960
3317506460268000
565550546927520
5934520206014400
4324569480000
824551247520000
232908956280000
302862384935510400
1087170400828512
28877940
21275456792990400
71101147360320
185813395267500
29975382673236000
21071068200
72009238376275200
156372609750870240
40130262900
586930569825600000
391678333596950400
218581039797120000
3469540314240000
1124018280
345212293009584
2825962002864000
9159311069251200
405623400
31920785376480
203469264206208000
136244752155111600
39697257600
7296179514624000
472088538306000
190752435193320000
620373708070116000
1143676138917312000
294482588400
7041349715400
36453514546449000
67756602513600
5998301427888000
1663200
1583920578240000
53429314570632000
12355912800
26190840475800
21769956744307200
6671444143684320000
95777510400
23558607072000
699425595708840
21235786509377440
721295746703532000
3634245014400
920729973072525
1212989844306240000
19770088800
23657344249298760
6744121975800
14356026184500
46174451758835400
3027024000
356070514800
5096595984480
157111065548236800
867385078560000
67813200
37472226311520000
182682194975280
416714805914
164826040579200
2643828751779415200
40505196586654800
30084073519500
51040080
3310648757919360
208779651400320
67689165418875
94412260800
309228904203109800
17143840936141920
84943146037509760
2885182986814128000
622751220
354079299974400
1116565550100
7397905094395200
4908043140000
227779372220400
91561168892793600
1399225810873800
271026410054400
43288940494800
95903687880
28480320
53775081360
4470698232000
836022413616
4859454600
535141820036311488
2809475760
49423651200
86525205782400
6732093635899632000
1604713395285000
342876818722838400
120590619949800000
720720
2944825884000
15257889504
1212989844306240
118398063223440000
6377772918220704000
34004441217747000
346915095471584640
543585200414256000
22248217751760
176965138350
55458894941049600
786867900
103068905940
288807105787200
11801532600
17298277920000
259926395208480000
142373813400
652797222661584000
8395354865242800
159445560554280
28670669047238400
19251960
46215745784208000
6580946121750
16962197091840000
257403837600
686775169080
131275957176000
654063151341600
33731641944000
1067146490592000
2356099200
78932042148960000
46448812800
15099588900396
211116305400
9387835019563000
1601600
72273978223246800
83825591850
4643123586871770000
112201560598327200
9782176163760000
4494589444800
13938501088512000
22973292505800
5397062711040
454149173850372000
3116803715625600
12678926198400
21280523584320000
38546121719064960
3376537358594400
349363434420000
6608858256
734396875494282000
1194315099120
41742906905700000
230874349305600
590943001965498000
16409494647000
27626214752136000
403650
1673844480
1226124000541440
743566529946240000
2084106024000
25213318759200
971890920
504504
1272164781888000
88246615657200
21438332435520000
4213543669695360
116150683849200
13129839188200
962598
46983358422000
200365953147360000
3449439869745870000
1850587070159520000
24794078400
2301415286730560
1722664944
584160505972243200
1081024560
339243941836800
3755386514880
1836239825758338000
1827282558315614400
61447647400776
5559348970560
6827501316636000
2745379800072000
7573612914000
308104971894720000
7524185124456000
25031930
21998896920000
1107164818032
75710250
55233966881533440
52907400
4355023430652214320
10419029563662720
267571289185200
1268365467633264
1399522924800
22481940
8672877386789616000
6395488954104650400
1118917800
1575061158528000
514519978452480000
1102542810969600
3249079940106000
84284272800
15220385611599168
3298204990080000
40616781150254400
2803127791464000
122895023699448000
1565847385502400
12328062626037600
64716257273678010
286228470914100
127149079200
4247157301875488
24992922616200
49605355800
1513512
16207379321253120
193590292896000
36191366640
9534420
101773182551040
274575840
457470455566924800
17556431957064000
3628800
305203896309312000
333723266276400
25839974160
1865134921890240000
5938668314525746800
4813451763120
11810690589297600
77522541396300
57085528500
23571756428220
13596149903212800
1249074210384000
2632837778132562000
1918424491087104000
329445576008640
34015052918246400
17296
1626164510023053000
25165981500660000
11565501948000
14167289616480000
17990209036800
325776270314313000
1202881595603688000
1273639336521552000
135970773120
36141044940000
37924165406400
2998800
6759695726784000
107040774531845700
3440480285668608000
3685018719739500
2362159800
8566766208000
693236186763120000
127132672867200
129060195264
1519441811367480000
117239382760500
9925027112
8153778006213840
9753573309480000
1733432805765460800
698726868840
1601146594484236800
7879240026206640
