177925144320000 60790686800363520 
367837200162432 62783697715200000 
18739801080 40236134400 
640458637793694720 179412923289600000 
3857637770157600 4938071040000000 
5162252615520 1017095902986240 
856326196254765600 1843125139537920000 
410789332800 418557984768000 
583134552000 32699842560000 
43264821600 2550587719680 
265447707525 4837294080000 
7898513334397686000 3049773249600000000 
146716653283200 2006581248000000 
871130128869000 5297374494720000 
61634418365520 153420526780416000 
30066877133092800 949289509453824000 
8503763229561600 1066485745188864000 
103077446706000 10030613004288000 
18883541532240 326517350400000 
229911617056 7703510787293184 
1653814216454400 1225944720000000 
991781651717356500 806551603200000000 
318409834130388000 70483648435200000 
3157281685958400 1078831353600000 
1315534035816000 400148356608000 
2098276787126520000 313616274491520000 
14079294028800 28912835952000 
76194848605075200 514198484287488000 
603983556015840 6356849393664000 
9085612536000 54199989043200 
192944991919680000 65574311939136000 
1037918700 232190115840 
10408620942720000 73934619081523200 
43006003570857600 19292867193600000 
112713020703618720 3343537668096000000 
6806800 36288000 
78572521427400 8463329722368000 
5360800793040 385263599616000 
6240358100755658880 5891857632460800000 
1027128497194800000 543954759828480000 
1340119937520 4488646269232742400 
8241302028960 245472842848665600 
75236792085354900 3624559945187328000 
31803045120 1644467815710720 
160207839792 319626097459200 
6379820115900 2538998916710400 
6071695549920000 4129926248448000 
15875532003240 53258840010915840 
5102257937736960 457065319366656000 
1016349037704000 8913219735420000 
1322961000270 22825217147535360 
18584109415872000 878762489020416000 
2498640144000 2816529408000 
82335052800 803134332000 
796407473534400 1666598976000000 
1186571613427200 370005258534912000 
1028514305484666000 255515547893760000 
3947311980596160 2426605897997352960 
83602056938400 278112160972800 
751026801565040 1183529778020352000 
41410215 8697308774400 
21459351513600 195119960555520 
644254380 10390384882483200 
21438058561920 394672275770572800 
970743859105170150 950361400074240000 
162396995602842000 76480844267520000 
3311462274956035200 953131154976000000 
247462088537664000 261734444826624000 
6301245944448000 2542118971392000 
18490100706000 631215881610854400 
81398668466115000 51541167918240000 
3710788081416000 49150003721011200 
2069663921847522000 458143714828800000 
6096454 100192997081088 
37492413369465600 496011600000000000 
28560 2580480 
617760 5765760 
10827112826209680 699022275143270400 
321253732800 685843200000 
58905 347892350976 
246510839326752000 42237882086400000 
2604757390915680000 792752249409120000 
19275836580000 640916914176000 
405905645693948400 1824693888142540800 
4209128616000 2545644296208384000 
114002804916000 688658684313600 
64314997306560 143760355200000 
1081142370000 2458874880000 
138131073760680000 67111301537280000 
685026342000 3511517184000 
16325623896582000 70543872000000000 
1478331372748230000 154057117294080000 
434750222713957920 4212857461800960000 
12226387773600 515978035200000 
105335033126400 29292082967347200 
350809076217600 185253868800000 
97527 3242591731706757120 
406993342330575000 1308891140837280000 
413040513600 965667225600 
45670548743820 563585608581120000 
1017061382937600 3593162177327923200 
9368056577880000 1093121438279270400 
52194912850080 438344362229760000 
327763800 107017666560 
2997538267323600 3112013520000000 
56944843055100 49313740750848000 
135193914535680000 1958869907708313600 
3247939912056840000 497125487738880000 
65230224049710720 218534355822182400 
838255918500 6621718118400 
1824044878656000 4326189170688000 
8466094289452800 224778194559959040 
111117487549068000 1974024095662080000 
23980306138588800 13485391920000000 
3088978200 17882726400 
3820918009564656000 464616702950400000 
1339243597196400 3081404314917273600 
2948400 13212057600 
1387774404432000 17553572757504000 
253428235328268000 80912351520000000 
517778630293579200 536359167590400000 
784875781609920000 462551739826176000 
14079346407126000 7921488960000000 
3169425077058240000 1652796484628889600 
13509217998460800 307566871157145600 
180885929924700000 205528360957920000 
271435249800 17199267840000 
264369581451360000 135514495936512000 
1927522396800 2988969984000 
49306935216000 1052026469351424000 
617512896 3742200000 
294948056878675200 117167623372800000 
13919742480243600 26336378880000000 
6195607704000 6276836966400 
10733277970800 1402701959135232000 
7759752 93312000 
497296800 40131624960 
51108548400 761873817600 
78288354281823840 3295390725675417600 
167685848806291200 158393566679040000 
58800 6333186975989760 
189431206204968000 330397247235686400 
42743451656505600 46484461191168000 
11354311618650 73483200000000 
818007190 12597120000 
158612598144 40809403514880 
3345139694856960 31219193688883200 
5632701011737800 4970825067685478400 
87782353429680 319553040065495040 
223392296326399200 1041624360000000000 
4164274163926800 534966026895360000 
147936751512451200 406332702720000000 
6165237078000 13795246080000 
420503146026163200 92681420832000000 
628663424004000 5260132346757120000 
4205300599500 157464000000000 
137150727489135360 459105789542400000 
7317493082499600 141001721118720000 
556512 338228674560 
264475371600 31345665638400 
47070144 1791590400 
1068618416785920000 2001433243105296000 
27720 151200 
22100971801708800 6113377670400000 
95306344909776000 19207121117184000 
1781030694643200000 4670010900579024000 
138920394182169600 52043104713600000 
1627920 38707200 
11970294516180000 61688252989440000 
375256055512800 12818338283520000 
43240982400 139519328256000 
327973792518187200 223990902374400000 
4253637388000 10802030400000 
4444221600 11176704000 
46823400 45864714240 
76692796034400 910185254092800 
2067267770568000 700259624064000 
3760495200 16605388800 
3588520320 9068756336640 
720092383762752000 184032031518720000 
2220704484191424000 694543218969600000 
13781785137120000 5543722023840000 
229120303924512000 90342997291008000 
235462734482976000 49796239933440000 
3291245777550931200 1171676233728000000 
561024668812608000 3075060808719900000 
42471633204000 71735279616000 
26017753182220800 291379141096243200 
947648315864250 788628234240000 
9462937699719504 7671026339020800000 
198451739833776000 316036546560000000 
5030575464188736000 1510018669006848000 
7858292800050 901736973729792000 
11639628 155520000 
28861685077680 4458050224128000 
9187856758080000 3484625272128000 
952124354096916000 4354383142158336000 
280312381923782208 1213580338790400000 
8228114443877328000 790881457766400000 
539301160698300 383551316951040000 
10035419084570880 237265872035512320 
31349712240 30821087969280 
961485236712000 3682092642729984000 
1307504 644972544 
1474743537618624 2343388960480296960 
313606846392840 5933059434086400 
5091240 5674535530486824960 
4287666487104000 1478325873024000 
380974243025376000 6151337423142912000 
242860520775600 2730555762278400 
150150 1451520 
251528773209436800 400056894126489600 
5562762004800 4114592413463347200 
1184349806315676000 328519990149120000 
3531941017244640000 1156379349565440000 
299777810492160000 3242267433448243200 
300670848662184000 1955029165867008000 
1800103298294901600 1928244316078080000 
45383973766560 604661760000000 
713523437827200 804722688000000 
94684453367400 658108519211335680 
36542612106000 27159390720000 
249900 11399736556781568 
175347171370800 3401222400000000 
3188911211085600 644579296542720000 
543845996128512000 333380745105408000 
33902172221603400 435356467200000000 
690908400 297641233612800 
282319177140000 7436881482030000 
1167968258015759200 3964362440048640000 
1314072331331760000 159659194286592000 
7247802672190080 34609513365504000 
716707794691488600 1982181220024320000 
250359100992000 334764638208000 
27839701049160 32547068895559680 
6771537843840 734569263267840 
631369292400 280540391827046400 
1351848242817072 2113446032179200000 
72108036000 1003290624000 
1921652631360 219742942003200 
638045608200 1851776640000 
1341209469600 13243436236800 
1763167380830856000 421803444142080000 
26860680 2952069120 
829647741780 308210879692800 
2903050800 687970713600 
37837800 129729600 
25154167278240000 5868842563584000 
21202746364800 17163226080000 
431566595460000 716024365056000 
120709789200 22728966930432000 
4092660 709316941310853120 
314741518068978000 71526518743680000 
22383900 829440000 
2997778104921600 393002113145241600 
2007584859079800 270826551115776000 
2532403018945800000 3825989488601280000 
4587307047558144000 718466374289664000 
108743040 697596641280 
209757240 17812088369971200 
433084513048387200 4077629938335744000 
73061188200 19481971654656000 
13398786601200 32875827167232000 
11494912505076000 717826943877120000 
686439600 14929920000 
17739910476288000 1533421328177138400 
4011209802600 87071293440000 
1095046286770800 135413275557888000 
1000682814700800 87876248902041600 
98280 2038431744 
1770396499872000 2209446612172800 
21187600 23749451159961600 
5610078029916360000 8821420177489920000 
2570029862400 12872497397760 
18220766251010400 45712429056000000 
9689990310 520872158822400 
53910659746944000 27604804727808000 
38858851519488000 1094232362406543360 
647162572736780100 666639590400000000 
3248700 88664617663856640 
107191662177600000 129189255459264000 
5005989833644800 6481218240000000 
395010 729583139634020352 
13556632320 102779238481920 
96339613734000 146660709888000 
216529327470456000 73004442255360000 
1888449108413868000 357632593718400000 
2675350860 156551557939200 
233267277751200 3265173504000000 
7795116293764800 6617680777838592000 
6250347750920 3944197523094110208 
220540320 598752000 
1968448431549600 5363591675904000 
108410564021760000 7199600138392662000 
1318005920 3424565329920 
6577670179080000 3285168606720000 
2739009325852800000 8014266794806272000 
876944653200 125382662553600 
1672041138768000 1622320939008000 
1951397412027663600 555058731427200000 
1854871139030140 1299967445355724800 
60375839040 30057899124326400 
1887448612549500 10113169489920000 
143558427870 5635856085811200 
39071360863735200 66812625079200000 
424938800 16124313600 
2284103197894518000 1900722800148480000 
1219005526433254560 5924330805657600000 
5450069576952000 3960744480000000 
1016421963380656560 2643177977885491200 
500598983364480 8266860000000000 
5195103313982400 125382662553600000 
240781577400 11459187494092800 
832649518701000 2121827400000000 
1090013915390400 1050809760000000 
685676203656444000 387144769536000000 
43600556615616000 17163226080000000 
607776724546992000 151000428458880000 
18581339526750 95591301120000 
58223512526699520 50603645030400000 
168470811709200 2176782336000000 
1097305445040 4279728215162880 
2620225758150 5794003353600 
32871749726312640 918330048000000000 
106930309336250400 2985862726051430400 
68712603960 160030080000 
9073164035410675200 720267041894400000 
188835415322400 639974006784000 
6486147360 22830435532800 
136515770417426400 830628320772096000 
2200989636846000 995844326400000 
14693061506923800 42326323200000000 
38224469883600 68976230400000 
1095603730341120000 1219016564333568000 
317243497741632000 123194996305920000 
66214933785 704482010726400 
93243150 14863564800 
149652360 685843200 
489279437460 451377585192960 
47359225289376000 16191188133120000 
2187584942400 8573040000000 
498960 3880800 
8264692800 6339520162965749760 
1647227880043200 9101852540928000 
827026200 3073593600 
1405076587200 20065812480000 
4870265400 3419920967034470400 
41560826511859200 602438617037537280 
3569377854794400 449371462592102400 
55752328247616 1605264998400000 
454711587687957600 315451293696000000 
270725 22799473113563136 
108410967334870200 54895918492800000 
2707566616755000 1195013191680000 
30678780 4156153952993280 
15647443812000 47823519744000 
1128589640640 128421199872000 
1012354200 35831808000 
7542252198000 2006122600857600 
1326606739106220 85996339200000000 
16241160936000 15490911744000 
2019513600 642105999360 
333560938233600 23125328658432000 
2402677559346704640 6921902673100800000 
7625605680 6658877030400 
2344281651824112000 1447087439397600000 
1251795504960000 2864097460224000 
627016810212 30433622863380480 
422630873280 70135097956761600 
65243641062600 750055908704256000 
6144751184972400000 2943511071621120000 
77968800 221661544159641600 
166280400 1293304320 
310633691860800 7800581450524262400 
5924242399591676160 3827475696844800000 
22714031340000 126466641100800 
24435180 1039038488248320 
2917240575556507200 782190452736000000 
174012438600 587865600000 
14341684500 201553920000 
1555115185008000 2799886279680000 
57002400 87199580160 
1814163062025600 39553729560576000 
1270751265463680000 239241640974336000 
409704750 212336640000 
658982016 6967296000 
246596836479840 5877312307200000 
638415707529600 1787863891968000 
165811112033840 4930246903867637760 
53310641249051472 4953389137920000000 
73256400 1986969600 
14665931280000 141159588570000 
16029276251788800 25824945072326400 
88374974370883200 34572818010931200 
430200650880 529296768000 
2600149208648191200 1668672965836800000 
145814058185796 584985350410076160 
2067061717551600 32583819431116800 
307350299582726400 5288898695528448000 
701560466438832 251134790860800000 
13232419200 30875644800 
16233352685550000 1626489726481620000 
79084998034922880 1224282105446400000 
10842313482000 9415255449600 
6683040 63866880 
77189112000 675404730000 
1153496446502400 5210085157125488640 
23724106560 17122826649600 
1542017917440 1905468364800 
240910183089576 108330620446310400 
159020597736000 134853919200000 
7248220814651937120 3048765060096000000 
1320593782107600000 474941518571520000 
641151774847584000 281202296094720000 
67508660977758000 21292962324480000 
636763050 57711166318706688 
561823680600 4261681299456000 
47474344525608000 1173017499520204800 
46981771200 6577871262842880 
482069003644800 5016453120000000 
6814209402000 309140678246400 
24392376904896000 433643869339480800 
110487596768703 924421294475182080 
2756795100696000 1271059485696000 
5807534192460 825564856320000 
14381390505261780 340122240000000000 
7717799676787200 5782567190400000 
422061777937800 618796124681011200 
1609463856 1168918299279360 
28913754870000 850195906560000 
24312771000 548612321795112960 
42744736671436800 64562362680816000 
28270328486400 16672848192000 
3374509218080 5283615080448000 
38097424302537600 165278084235264000 
301991778007920 4045267795968000 
4542806268000 22317642547200 
5279576538600 936190547066880 
708840940266459000 177441352704000000 
21503001785428800 7944121785600000 
513564248597400000 292898716830720000 
28968176631794400 4556589645378355200 
684016829496000 1854081073152000 
1236826871280000 527973526080000 
106030580796000 326843867750400 
205394666400 266355081216000 
291567276000 20808990720000 
14047378800 498738474359193600 
435565064434500 3371056496640000 
11085360 139968000 
652145077584000 342984305664000 
2009843665830000 1829863949760000 
2123581660200 12541132800000 
800688596400 166471925760000 
3969509265492170400 1518109350912000000 
4295297838031200 312804666538721280 
332205564600 2666558361600 
122415988383889200 740541350707200000 
236533019639716800 45016690118400000 
1302378695457840000 382516819644960000 
1249320072000 1408264704000 
22585329664647750 1354132755578880000 
3986646103440 3339766569369600000 
12741471905626464 173368619827200000 
41801028469200 300987187200000 
8497593689508000 15085101588480000 
688724400 398990779487354880 
2647398469716000 1738201006080000 
4639950174860 10567230160896000 
33440822775360 234101145600000 
123731044268832000 87803982249984000 
211771560 779278866186240 
3150622972224000 1815799265280000 
6969041030952000 22955289477120000 
10400600 13060694016 
329491008000 1881944064000 
1672320557407500 2278259343360000 
12511469393280 4520426235494400 
1417861016 751447478108160 
265403355360 15479341056000 
2104854457305600 686529043200000 
35844460983786000 7988826001637376000 
65252460 28991029248000 
22378356000 2007407001600 
48281439581760 29958097506140160 
1981066063731955200 4187751117225984000 
1434168450 45148078080 
739165686374115000 98036347368960000 
43144171515785340 1020366720000000000 
175404538108800 105619852800000 
102918816 1020600000 
4889826191250 63727534080000 
32766478911129600 28371863520000000 
351982350720000 7581186526914000 
18889719488640000 36263650655232000 
1876009530049200 46438023168000000 
878099169899952000 1276569153699840000 
22924477075500 481579499520000 
94052314055700 2687385600000000 
597500904000 2366667072000 
199475437800038400 636819668260776000 
1903460986449792000 503339556335616000 
51459408000 366648282000 
10160677800 891813888000 
1858466811801600 38469106490855040 
900614533230720 14283291230208000 
8814960 5201657569612922880 
2650611600 784796221440 
1040535901263058200 1727929818316800000 
7898654920 285315214344192 
9252401558400 793516179456000 
29216880 2174327193600 
28824789470400 15129708488294400 
111314418415200 87995587680000 
5137368752355840000 7345762153906176000 
312943128199416000 482723250831360000 
2965419072000 54827303731200 
96567831360 105245940205486080 
375166024833600 1381352965197004800 
1211364000 34062336000 
1676106432000 2933186256000 
1526551844875200 31345665638400000 
35571549686400 123474350039040 
203213556000 10404495360000 
1083026646702000 506975293440000 
24554450289600 643631001108480 
19513314886665600 51502252032000000 
287696309226480 5224277606400000 
4665076416000 198379044864000 
8892185702400 1068586291412640 
72511212631572000 1224440064000000000 
6615848775820284000 2385600408576000000 
4333582014413652000 2336142152171520000 
3383856589473360 58773123072000000 
3826698876000 66746282803200 
582235125266995200 97814042726400000 
1821304251225819360 6314386081449600000 
47400764906880 2040470175744000 
1273398663933396000 1551965184000000000 
29672601030072000 11076001896960000 
3430627200 11027016000 
3686850710983440000 902190699970560000 
130812630268320000 204782968406016000 
3240415726932384000 326238601328640000 
309042333600 801543976648704000 
14701698352645920 668707533619200000 
194800232226600000 873495534071160000 
24659683647984000 62754022608076800 
1478325873024000 15162373053828000 
846518400 3725568000 
351718148281500 468784942940160000 
490972079838240 1269789696000000 
145192719672000 296838449107200 
9025222055850 23702740992000 
58140 6635520 
1526597738265600 2265006426883200 
22702680 104781600 
370847442355650 2632434076845342720 
374130900 2057529600 
8027138675556000 5216748945408000 
596093097600 9364045824000 
2298982501015200 195770984693760000 
792432887400 733387999621939200 
51951033139824000 180216680310374400 
422366123088 148601674137600 
1203322288 23776267862016 
5194672859376000 9361109557800000 
3708036291960 6027234980659200 
4510402408512000 1267136462592000 
542054836674351000 142729388081280000 
6090941861052048000 2111914222387200000 
54205282010880000 1963527310470726000 
1720098707259572640 2224897287782400000 
3288835089540000 1901939719680000 
5414950296 53496602689536 
48573564399360000 83474569930752000 
12045618224640000 3420150966142911000 
2767724467200 8939234304000 
193799806200 5729593747046400 
19429425759744000 147869238163046400 
845298888033600 341241454405877760 
480863831135688000 265133593460736000 
53595831088800000 49688175176640000 
10095125040000 86790832128000 
2502994916822400 11573604000000000 
10826466373522800 13273534955520000 
357427674122238720 666917356896000000 
6778316160 10273695989760 
84235405854600 1088391168000000 
622917286992000 645617516544000 
1100494818423000 767168962560000 
19112234941800 43893964800000 
547801865170560000 689009362449408000 
181440 19399380 
24053501706474240 1130106558873600000 
1452031376258080800 4063327027200000000 
1142051598947259000 940761789972480000 
2725034788476000 2101619520000000 
16132524408000 23774246496000 
1461572960425578000 331416991825920000 
6997614624000 289066608230400 
129663407636462700 4936305449159884800 
2597551656991200 139024296239431680 
342838101828222000 193572384768000000 
341055 182395784908505088 
730200632465304000 716770887598080000 
289128359520 1219276800000 
8120580468000 7041323520000 
614320966878418800 3393709996297420800 
20757933504000 74016860037120 
3072375592486200000 1704137988833280000 
5883768 716636160 
13621608000 776363187600 
5852925 27518828544 
2962121199795838080 1324895433523200000 
5308954150500 15801827328000 
1637226853628652000 1843546521600000000 
164397890986560 5792679009976320 
38588998383936000 14588742168000000 
803937466332000 467493586560000 
4132346400 2438276985756057600 
823613940021600 6501323243520000 
1669083807941550000 1610942942568960000 
6973199770790 311992186885373952 
7823721906000 25751126016000 
1388495700900 197477693521920 
1649239147296 2407347121029120 
1360059803182080000 6838952265040896000 
6616209600 19978358400 
2013760 90596966400 
42536373880 944784000000 
1443528849803040000 588902500859904000 
6539748103445356800 2269749081600000000 
27405 5435817984 
273272054877166800 6802444800000000000 
38594556000 437026590000 
689065977600 1674231939072000 
6233420033240400 15237476352000000 
20879775786870 31701690482688000 
35197176924000 3343537668096000 
198197314526296800 3673320192000000000 
27417 3092376453120 
364655071944563400 187725708656640000 
25378924421050200 108612731437056000 
2184252326678822400 5160750390706176000 
4253340 55662776156160 
224877612960000 187723920384000 
86642131736160000 15535171491840000 
32463200 1811939328000 
147474028439337600 83691159552000000 
19877574717000 31120135200000 
39144177140911920 2097066825429811200 
54078253614000 1567283281920000 
2832673662620802000 1519938523303200000 
1672569847428480 12854962107187200 
14454307323456000 620407572922368000 
464618431435158000 180213873840000000 
126714117664134000 89318829600000000 
7374868300800 11313718416000 
392437890804960000 210250790830080000 
7366990600569600 2517273158400000 
6754608999230400 178065030669926400 
85357272 2116316160 
646442324623695600 3910058331734016000 
132184790725680000 61597498152960000 
1387860233760000 10117331288064000 
1033633885284000 453109168512000 
2752560392400 56687040000000 
137744880 170996048351723520 
24159342240633600 82639042117632000 
39759174000 13225269657600 
2219221883633040 550376570880000000 
2515287732094368000 686372122275840000 
3082618539000 8277147648000 
111469409251200 297977315328000 
534309208392960000 839310714850608000 
11050485900854400 4075585113600000 
47653172454888000 11298306539520000 
77755759250400 1306069401600000 
150335424331092000 1244109469188096000 
900051649147450800 1631591344373760000 
10123449076540800 15450675609600000 
37963228703400 65094137791119360 
270391268070 225688792596480 
1135134000 10475665200 
60903575460 3409345039564800 
739613020386240 1044720729980928000 
125179550496000 239117598720000 
13919850524580 14794122225254400 
14673264245640 26824089600000 
2297749333642963200 993015223200000000 
5017709542285440 62438387377766400 
3797043288819580800 1991030243328000000 
16631166071520000 7781498322036238800 
571771200 2444904000 
215783297730000 325465620480000 
1663635402000 25194240000000 
80865989620416000 14829027333120000 
386659513340100 8062156800000000 
95722852680 1558201490605080576 
6699393300600 139296097330790400 
1482147903600 6348948480000 
5215718803323600 78991077408768000 
3424134353640 43834436222976000 
675924121408536 1268067619307520000 
814773960 3265920000 
11342689627457760 1651129712640000000 
64425438 2671813255495680 
99053303186597760 247917126352896000 
2710458569015084160 2803370582605824000 
15084504396 160489808068608 
9034213668480 17367550200000 
17672631900 203119913336832 
485343928941300 21499084800000000 
2329089562800 5925685248000 
186234048000 558702144000 
3498807312000 119027426918400 
5606247638475644160 6941679537881088000 
1669060673280000 10501690687488000 
6384157075296000 6257523621888000 
860049353629786320 1334938372669440000 
1644417544770000 1210325276160000 
118735379642880 70396470144000 
9714712879872000 19318400469688320 
26797915544400000 33997172489280000 
1251497458411200 9920232000000000 
2817539155200 636411074052096000 
168826867929720000 125989521577920000 
2038444501553460000 2757389371991654400 
2002597997400 1331775406080000 
5824463154631020900 5436067208424652800 
694247850450 141055495372800 
9292334059008000 149602080797769600 
680029901591040000 1293855833926656000 
563171761152000 26714657285316000 
1393367615640 38698352640000 
10439887893435 17612050268160000 
1381380 1274019840 
12689462210525100 69117192732672000 
17226649440 152202903552000 
490089600 1297296000 
2004458475539520 189857901890764800 
11004948184230000 2589195248640000 
365100316232652000 967640698257408000 
395523871142400 300803671719936000 
6810804000 187398010800 
75811865269140000 12004450698240000 
93245444097120 13374150672384000 
706999794967065600 154342937548800000 
1381852180800 92876046336000 
3911860953000 18393661440000 
67863915 104485552128 
516816942642000 205958712960000 
239307131700 1731334989561200640 
48903492 7044820107264 
3103900800 13039488000 
369766258990128000 105965212953600000 
127339866393339600 423263232000000000 
1257643866047184000 580776411156480000 
10133582659200 81266540544000 
1541309269500 5267275776000 
55734704625600 189621927936000 
2081724188544000 49289746054348800 
87178291200 9626903526240 
836284923714240 9888432390144000 
3687434150400 4168212048000 
58837680 1254113280 
3683495300284800 1111523212800000 
3377304499615200 136167376394649600 
807300803941632000 266460696133632000 
741073951800 5333116723200 
764551174593024000 269146846096128000 
445891810 169075682574336 
337962060704268 1408964021452800000 
409547311252279200 1542595452862464000 
719028042876000 25798901760000000 
240360120 53508833280 
355304941894702800 319987003392000000 
75167712165546000 888649620848640000 
38877879625200 653034700800000 
275435973863750700 6611976345600000000 
35111677708800 7708442886144000 
73006209045 6847565144260608 
266783135710 1168651117953810432 
8270385302088000 4321602251366400 
2934333065664000 8652378341376000 
14484088315897200 2531438691876864000 
4192306418300 2164168736951500800 
618413435640000 305668883520000 
53015290398000 175992851865600 
7329067200 3169760081482874880 
145783638000 18311911833600 
740460 123695058124800 
3769920 1449551462400 
4945283783371271340 6911719273267200000 
326072538792000 141228831744000 
199851873661440000 1473757924294656000 
11862053280 20384317440000 
124358334025380 190210142896128000 
108423134820000 98802063360000 
118627497052384320 2417172362035200000 
1047633619032000 78201166634680320 
1407934640712600 3637418400000000 
6571805692187736000 3137701130403840000 
5925628800 26078976000 
308611021612608000 95057867520000000 
286128652789980000 38014093877760000 
1767801548299248 2156983020442091520 
14221562027400 708588000000000 
836160278703750 1927757905920000 
6255734696640 2876634877132800 
11189178000 826579353600 
24140719790880 21398641075814400 
1540524859473600 12752938598400000 
87702269054400 67898476800000 
120796711203168000 176980466073600000 
1053385917423840000 231991894278144000 
5967561600 10170862141440 
102701657298240 1648072065024000 
44850044663424000 23170495315968000 
401567166000 646652160000 
13534127880 3571694803353600 
1575311486112000 977738065920000 
18525386880 46313467200 
1027240306092 52183852646400000 
156471564099708000 307187523256320000 
86991521416800 1750130453643264000 
127512 330301440 
73567440032486400 8201783230857216000 
77655028630608000 210691031040000000 
101606778000 7629963264000 
12277225144800 292559545958400 
2257103762560647 792542262067200000 
11395440 209018880 
420469168719600 658409472000000 
99884400 19237055439568896 
2166791007206826000 2477726525030400000 
1454628927915072000 1673440602882048000 
172592876764526400 4534963200000000000 
183186221385024000 853454707469844480 
25729704000 212270058000 
63643715812320 22468573129605120 
5054124351276000 1901157350400000 
1555025472000 106819485696000 
55657209207600 50944813920000 
2568684376177920000 2003389678338048000 
199851873661440 13181437335306240 
245486039919120 761873817600000 
1191003253440 39775692128256000 
97821761637600000 166386161829888000 
30630600 127008000 
51356424859740000 14096729687040000 
134437703400 307359360000 
1854018145980 3835513169510400 
2597336429688000 7158495544200000 
10693030933625040 1279655454022041600 
2255201204256000 733605320448000 
3045470930526024000 1098195395641344000 
229346494301276352 1170238183833600000 
151200 1801800 
195730923187800 1950145362631065600 
1133089776 292229574819840 
12673577276410050 6264671510200320000 
97400116113300000 2781393674279220000 
196844843154960 2902376448000000 
3980922079680 3328677500682240 
739162936512000 5380196890068000 
248072132468160000 80146381258944000 
297632134800 1287556300800 
24909520204800 397497952051200 
533182349145600 1307375471001600 
5666915846592000 1689515283456000 
2548824901855626240 1470797404876800000 
1875854088108000 25626566889000000 
259459200 2219817600 
191807375760000 737722073088000 
2112950051372160000 676144016439091200 
99087092476444800 992023200000000000 
155117520 470184984576 
602350749000 2503581696000 
148816067400 975421440000 
266591174572800 703971407462400 
20271091733686530 2022171581664460800 
4329252761652 7222041363087360 
8733526879004928000 929233405900800000 
850887414365788800 6063245725937400000 
26970 28185722880 
83931071485060800 17506490601600000 
41965535742530400 11327729212800000 
51770019087072 5733089280000000 
1781030694643200 1214339109984000 
1625595551580000 2212255825920000 
15333254244000 8000596359512064000 
869934978384151680 7251517086105600000 
1235591280 7664025600 
49819040409600 2464487302717440 
5400692878220640 4147979673600000 
1268365467633264000 1274783742296064000 
26189163000 76839840000 
11333831693184000 3942202328064000 
18648630 6370099200 
131778230403456000 185937844764672000 
75497944501980000 111244864389120000 
85003737698880000 47494151857152000 
130364318584500 1102248000000000 
714797586823320000 214704036771840000 
434851528784400 2532480436194508800 
170696251745136000 502032180864614400 
180503769600 26499863470080 
117994968000 61025172848640 
170007475397760000 125211854896128000 
3703332259351296000 1278000218880000000 
501114618884880 126571934593843200 
128377071622800 1872809164800000 
67489660510272000 56240459218944000 
15939000 5780275200 
63109800 91729428480 
869703057568800 4374284389790515200 
34634022093216 12036735605145600 
3562061389286400 2833457923296000 
1114880371605000 1580833013760000 
8347680 845571686400 
663029154051264000 178103069464320000 
10397055808339200 3138418483200000 
1950714661896000 2085841207296000 
1739869956768303360 8569974738124800000 
51225049930454400 1812279972593664000 
85329372164400 396809280000000 
225943872 1141521776640 
11738611396512000 2746116172800000 
129616629077295360 35850395750400000 
49962968415360 1428329123020800 
17081356723200 44914527216599040 
4292145 13759414272 
1462986571200 466121392128000 
12166634185353648 4931374075084800000 
3480248772000 3017710080000 
376740 3057647616 
99274088760 122305904640000 
340014950795520000 459110134619136000 
8660747488346553600 2515231174579200000 
1002229237769760 155338283365171200 
37479602160000 34580722176000 
3405402000 89625135600 
37905932634570000 7767585745920000 
121080960 389188800 
699190800 32061759065948160 
354182240412000 361454607360000 
690926090400 78015878922240 
93117024000 205837632000 
5973808363724124000 1372744244551680000 
3192078537648000 4469659729920000 
59367689821440 40755851136000 
6307547190392448000 570211408166400000 
1381800 15832967439974400 
69268044186432 16851429847203840 
30817265368418100 612220032000000000 
44352165 123834728448 
706292627040 1761205026816000 
291724057555650720 199103024332800000 
1656632250 2034656870400 
17555838854400 3174064717824000 
281120393587017600 329458618692403200 
152003739888000 618027024384000 
975665744333280000 2520405764997120000 
4135192651044000 2796330868531200 
142262120 2519424000 
47121984000 9710862336000 
198775747170000 125046361440000 
27132 5971968 
39049918716424 2807929681968365568 
2381089018908600 53936903946240000 
88732378800 1083306204463104 
21602771512882560 14517928857600000 
2983780800 1605925601280 
200783583000 362125209600 
1167480 3958241859993600 
1440704529294030 310676566730342400 
309206717820000 233746793280000 
258861409884 166988328468480000 
60092827294500 1127171217162240000 
18245892865200 6604518850560000 
3151696010482656 92876046336000000 
163036269396000 100877736960000 
194584420800 846417258086400 
190272916753920000 322384545939456000 
3285902846093868000 1689531377909760000 
2962814400 13837824000 
515403504 8015439766487040 
6580080 23192823398400 
8095594066560000 9636494579712000 
146688132267600 6262062317568000000 
25678212429870000 20361942881280000 
227146788701632800 926274106800000000 
67218851700 280052640000 
233796228494400 5668704000000000 
28828800 99792000 
2131625141100 18751397717606400 
1127600602128000 333456963840000 
254150253092736000 43498480177152000 
