939508431301440
53573784264000
11850191226720
16491024950400
921712677745860000
357300976032
4263659302736433600
838053216
55272
2775720467520000
147291623951472000
7407832503271200
108972864000
3936933000
679807495160640000
136950466292640000
1327238537625
602280911232000
79518348000
8770226905440000
5345222601438720
9648639000
39264345120000
27382523717448900
172266494400
222938818502400
3510450370843416000
1210809600
2023338330443430000
283783500
5047562520
1484192245536000
108231319041300
53945824432500
14771069086725
1412149200
6534088156731520
12250475677440000
24763325796649440
1906126898195520
2744822733401548800
20246898153081600
82690710822720000
106743106298949120
4626053752320000
2270268000
57539261845296000
255554237400
121807150920
25080617081520
65279722266158400
29346528491280
4595498667285926400
2153764185300
1587392679272400
24310
96269035262400
1342381669200
26797915544400
158486577480
107084577600
7800901166710080
25675414324560
7821830016000
32247603683100
1143542400
988473024000
15389343835640775
1498692273706227600
150587687250
161731979240832000
6883236021261600
773319026680200
344200428000
13531207225536000
191445705360
2964295807200
165757288512816000
10431437606647200
1631993056653960000
228902922231984000
217729512
482802943863240
1629547920
72931014388912680
983240974800
2706037637959656000
34622230464000
9762479679106
2046920362266780000
1197218880
745945200
1187353796428800
354799529459575200
64115177484758400
18068427336960
35345263800
7862853600
6945810894182160
4658179125600
372468096000
371682188317440
1293998881074900
583868571686400
34317247500900
2740923837473421600
1194873762215952000
1742312636064000
26967536668800
15944556055428
32446952168400
172080900531540
650463384130560
15058260
555099679134000
12768314150592000
169467852931977600
18729838400
160787493266400000
435891456000
29631330013084800
132605830810252800
3991680
233141865236280
305377800
6186248205961824000
33387680502542520
237470759285760
356206138928640000
123269061473672400
3229996770
17468171721000
128185636449911040
337653735859440000
4076889003106920000
4005195994800
15661119474000
6550145159253696000
813054786944400
42184833600
18584668118016000
9125468352000
2786735231280
1815358950662400
163680
2227158796838976000
7061160538832400
112164660142920
26506116000
199145627035992000
534293145706320000
34453298880
980179200
4467788850024864000
279418639500
4008916951079040
22009896368460000
60086184238080000
791047742284800
5547107766315258000
934002180115804800
5595404765670720000
306261891936000
151623730538280000
893059676885376000
178827929280
60964066800
1116324596106720000
653529222238464000
1413999589934131200
38003792400
434368360419084000
6667436894624
179250271200
155427910157520000
8441343396486000
1698865328160
61191187200
739532517980256000
1137177979037100000
212592430607356800
254679732786679200
4646027353968
38960046445320000
444964355035200
10605518080185600
628539912000
4163448377088000
425188764000
174356582400
1894107877200
1487285800
2753950110912000
30285375120000
224499349260426240
566391992606668800
20169863410116420
32785120368000
29156727600
2251536333076800
1109419530579360
14031209328776640
1051172921799000
4417686
1241493284219760
96172766227137600
2071519658208000
7059052
746709516329736960
2894174878795200
388569775393800
63063000
5822723907000
5648596800
316005099379200
1275566292000
2276885831220000
47299214045268570
819094622504558400
212273222753592000
4508102925
450978066000
710609883789405600
4843238400
92669346000
15527263752000
125403085407600
681440366104898400
6252767080560
39538920960
59250956133600
245430240
39462776237184300
19684484315496000
11002175458560
18088592992470000
140462996400
8550360
63394630992
23916834083142000
5936768982144000
130429015516800
846941659200
16540770604176000
609640668000
11583156277842240
1079412542208000
4690023825123000
127994058246600
7732810257452280000
194480
368140500
269215866279360
8384612836600
60338017584000
61887236954400
501942
978167451370032000
1480920
403313110200
7539840
399703747322880000
38550447936000
130973139026730
266306626035964800
1665432280512000
48622137963759360
216846269640000
39027803047833600
6692786100
12782132672400
18339581660400
616344183655200
237254994104768640
155901115778728320
504756252000
49972802880000
4995640912354092000
572257305579960000
45435220189380
227873431500
335780006100
3535603096598496
28443124054800
802388656192780800
1760701412466057600
16622953150003200
877821597853200
411405722193866400
3081049718947200
7193730107520
3379030566912000
7358805055457856000
44543521678656
241593422406336000
2106771834847680000
2187932619600
582545744453673000
205403314596480
803134332000
93706797862339200
64958863200
16606346803200
221492975418000
3121607703789174600
32104210320
126894622105251000
652302240497107200
27068255760
844134339648600000
188286560
37050773760
6143288148975978000
236215980
7718911200
255024
14407045292940300
6570277720624800
2793510720
155310057261216000
309744468633600
177232627
543004
840938337439200
951274100724948000
17110253160000
77535155627160
3560174217600
848109854592000
9540949030470
2757266229522000
484010458752693600
1648260405792
22680
1330243200
8679684982854600
1350173219555160000
5245691967816300000
361136602009703520
6727506699513600
10108248702552000
108056760
8432910486000
3965314953600
61261200
736206471000
102712849719480000
2200876765582572000
7354710
30045015
268875406800
201930917760
2725569000
24981484207680000
2335005450289512000
10112826250800
438024110443920000
21386061867250080
302400
72933206945639040
972124718079715200
12033222880
7610192805799584000
15688789642103760
3721081987022400
6644825755434266400
15135120
936343037710080000
22800560983200
391461846375600
116008292400
3021366645158400
25347154552820100
104005968345927648
126554500800
4447629429122880000
128629994613120000
812269985026500
24986926364400
496144264936320000
109884027052800
1265004
58440069667980000
595264269600
155955837125088000
457563300012000
3702651499744797600
475917047305920
1066364698291200
79658250814396800
23310
431299824120990
599507653464720000
518918400
4225900102744320000
30370582962720
709072845304824000
1428186531145374000
684917352521962560
1204701498000
27532944085046400
450204981145920000
41337796500
43221135878820900
480623519376000
1080138575644128000
36288252
6697947576640320000
1493264012877000
40542183467373060
16381892450091168
49302167865350400
1701774828731577600
1916797311
167862142970121600
26147982736839600
2030313953684016000
2441880
11150465649523200
540972351000
2748504158400
26057783980800
5648928431065920
2471182560
1261509438078489600
2465968364798400
99638080819200
10123527654240
19575738
41725750426588800
2536730935266528000
52378326000
2958457475368137600
7818630487543512000
53006865912000
37297260
10755016272
3277638000
59411747476224000
376196546880
89572674427236000
3093276106720800
61108047000
21259438200
207579335040000
150995889003960000
1429595173646640000
84084
163185
1109421553263051600
120590619949800
23426
180081992458368000
328860
341392503490272000
2035800
1624485088800
833522365093017600
14495050959480
2827032848640
8187681449067120000
235989936000
23546273448297600
115892400
654890741451460800
256754143245600
16491024950400000
9289117437600
19082471728320000
220930391190600
31878000
48837600
29526726473244000
13501732195551600
361160885973888000
1931211775452960
6518191680
18605409935112000
239803061385888000
27797683932018000
7124122778572800
16695360
2229760743210000
2119471502148000
667886510491200
20794111616678400
3901429323792000
328900
27810272189700
259233258154590720
23477222793024000
34162713446400
30904882608600
4788875520
3172251962880
399886761859200
203167587738875760
586051200
4749415185715200
960960
632132046000
563307977232000
50356110752640
73508491763229600
1631537988385536000
3014765498745000
1145601519622560000
6960497544000
76101928057995840
1114349660849224800
2107614880800
198548177520
93884662872000
249420600
8731876552686144000
22510249057296000
173170110466080
74959204320000
27788080320
32851808283294000
9247855617000
242161920
223581131741721600
708364480824000
498688594500096
330762843290880000
329004
674632838880000
28327244400
615969113760
316784115648000
7027800
1173558285900
1091484569085768000
2763600
3350841637518648000
415158670080
2949480568786752000
487228603680
110153992271400
213961786038000
3573055405920000
35850054240
1412585254080
8934667988400
3313264500
562240787174035200
340629348559500
304007479776000
1951331488666560000
23325382080
63712597882752000
12099393306000
4542935774032656000
397551494340000
927127000800
39396200131033200
54264
270323451016819200
105859353600
449630740098540000
8220316104000
29566627454964600
81537780062138400
96148523671200
5788349757590400000
4762178037817200
24785550998208000
28159366024288800
796507781829883200
1097239928400
43205543025765120
3438176392620169200
4550525680580880
32322116231184780
1931341636224000
40914339986520
150326022000
2414014719316200
1761039350070
2923371622080
1807052247000
4108513988779200
1300931608018442400
86424237900
32157087842880
8615056741200
2334960
137977594789834800
28612865278998000
5834656555651123200
5851946284800
11023412400
2881409058588060
517722819768
8041201189560
89033814673446720
36491785730400
385076141049600
21118941043200
9132231366959500800
389168841600
107191662177600
900484574423616000
5856674866396200
4116715363800
245157000
13160160
16191188133120000
23256
454293577403265600
8215786656
57657600
1035445639536000
115651343808000
2679757320240
982336112177191200
508300506185472000
7493455200
4263250282200
4505020423775071200
2710264100544000
4279235720760000
67984755115782960
2126522820799377000
225225
2652116616205056000
742899773899483200
356206138928640
560874229705209420
26310680716320
1102701600
55984146660288000
1528978795344000
3493634344200
29875045200
26640900
281206918792800
3092067178200
8261850332736000
21408154906369140
91446810
97144208310240
7695741959805900
18490359221050860
225855341712000
6900395976797122800
277749919451347200
103457773684980
10411866429148800
1870827910503552
227435595807420000
148478405595520
1880982734400
1971788797440
22239974430
2384283162714453000
56380030106400
140392343091000
284155351736256000
8490928910143680000
7174519270695
1171300
151180255168800
179527894020034560
4450890154510800000
3926434512
82610728200
68612544000
2775498395670000
507346187053305600
882101901158755200
9537621759666000
1388415600
6009003000
608815424463966720
793108744354080000
39109150080000
16905234931200
3713234217264000
935041114687680000
9663367306320
2501791553881620000
338230791368870400
801921063735792000
175160571505920
56182368060
12789750846600
2730756
319678959600
354590946549840
2131128542715480
1297944648000
57616158600
69262304791680000
776819871828000
18156204
459149600
516225261552
13722508800
11456015196225600
5040582292335744
35815200199309440
233141865236280000
397109770457400
26334
3678372001624320
274537980007200
523250521073280000
79732922068800
111740428800
85801279200
5901321666240
4598123274888
578275097400
72648576000
6309453150
928308554316000
4843800
22910580
6492640
324486162000
82129520708235000
37191117600
56463835428000
295666274549646000
14604012649306080
1338557220
21119019610689000
2188853854387200
67168281174508800
2333760
43245694800
704316683790720000
32108554702224000
3100796899200
23152702980607200
7731052560
58988379450
64399667824800
748032891750144
16099916956200
8046715731054
2827032848640000
12654311345676000
5867791429500
956673363325680
1379775947898348000
387407475
758420946763480
43657713008910
1787138370611193600
16173197924083200
26235
123351749698603140
23190503836500
8944513277749777728
1084231348200
1406872593126000
4806235193760
40763504210
231310038960000
110430970650
6544057520
823259731025160
16786214297012160
229732925058000
279770238283536000
123194281062352500
11302200
30101770033335000
289681766317944
36664828200
1440082638635921280
880128793605600
2610186579000
264385836
36972596627366400
3033683787053920
52562893253270400
481152638241475200
20615489341200
143256960
8892431376091200
26871802328170800
93612009889157760
12750560654832000
1038934571875200
27303154083485280
13180059200
11668014565592
5048272944000
2217488809536000
240913260744156000
1413720
766405411200
2120274636480
226829100885266880
89190429728400
187817782344192000
6511893477289200000
874281994636050000
4746304111024476000
227026800
2027425882626144000
2140380
497420
2042975
121700105410884000
6152582650500
2362138117859520000
585667486639620
1096093169851680
4218103781892000
32314081766400
2646483840
3512396679599808000
31572816859584000
1232419887578880
15863901576864
26620575231398148
820048293044904
11704287971376000
1043898257001600
53666389854000
72475254797400
7160009497641000
7121424247217280000
205837632000
555934897056
82235666262420
20182520098540800
3908354360841730800
11692674440647200
260223793830000
1948106160
39204528940389120
1925656074342000
32885646864320250
361221240400020000
72422159372640
737185160254102560
5472134635968000
7571343780
544323780
135061494343776000
104362830
647161392837960
168275764800
3084133852800
26878752231786000
45981232748880
4223661230880
2443022400
15306795504000
84329104860000
2328940501067980800
89219586456000
1214339109984000
27769914018000
3964743948246681600
137684547000
1119080953134144000
8103689660626560000
488392010796690000
129430704942000
141374107728000
987012
299836817280
118690404120288000
117042879713760
5178184395143760
146659312800
243839332737000
143813905052617800
16955772017184000
5760330554543685120
400148356608000
13742520792
4496076821118682800
355270856850
2212393978080
2171481998400
17609833818720
25492781068524000
181416306202560
10440746316000
5121436320
5890248000
7436429000
446626220040
63488880
4180102846920
3971097704574000
17700172929552960
676278124221712320
1236012097320
9064099935475200
707523594189984000
385504479360000
8817900
364415325020208000
368349530028480000
831147657500160
92658946440060000
118434980631567600
4332106586808000
267013066320
19632172560
24934429725004800
18056830100485176
1510759286731094400
132517164780
4109947274664000
4187106
6748966051027200
100566385920
826879173120
4711721414400
2509710
1251772512797664000
20654625831840000
128501493120
294188400
14176637697194280
441723882600
14546289279150720
271023955975773000
3176878163659200
30260340
296838449107200000
1072071000
60339831552000
676706394
206379406870
313950312643968000
555176121047856000
25740
6504438295555200
1941487718210340300
24548603991912000
195907486758984000
14470874393976000
1065914825684108400
113380261800
2283527437191000
14572069319808000
1548901926000
917079015352500
50541243512760000
344867425584
2210097180170880
90341318658591000
407688900310692000
2729227149689040000
442599124968000
2057028610969332000
575032998066426900
1726061465047920
561569372364000
877459482900
5260405550400
1119632580
1156513438080000
14384815461324000
12845281831200
465585120
702800983967544000
2035463651020800
125149745841120
277554880886400
71241227785728
108013857564412800
21654225652419360
642507465600
178035606180432000
206546258318400
53524680
526567555626512400
5209514781831360000
1559558371250880000
39916800
159603926882400
12612368340
2384834321610180
1110999677805388800
15831383952384000
5551440935040
20259224151566400
1801289918794766400
16725698474284800
120455091544788000
87995587680
1636961715676647360
600669389836676160
972413525185502400
126991414341792000
1117404288000
24452775547200
840097048722624
