1990061463314925000
39653149536000
796343122575
6540631513416000
5033196300132000
147026880
19711084969976400
45505256805808800
1158315627784224
1368820252800
298690418186206200
4005801139059720000
1643157331200
1602078397920
197110849699764000
6411517748475840000
10275832148400
10666171520550
51888
4023659640
6214240279291968000
19019224980756000
14749371000
24165120
1001829765736800000
885780
4390495849499760
6495879824113680
1232367998400
2791681686315522000
396531495360
8652600
52548171451776000
39044499109308000
8332497583540416000
100900800
54151332335100
483168365316
491132706704640000
673039665698400
208166160664800
66691392768000
2498640144
1255317429125760
69393011688000
20058300
1574773200
158200242200
92395367064000
9657700
287711063640000
4655851200
175209644177568000
17160
7640391983600376000
1810511039487150
610048454400
1689810303521340
5262136143264000
1864104030360
36141044940
2576722648500
29343330656640
37659522873772800
1248071620151131776
49550238738000
304779394420300800
264893428800
771779967678720000
3019917780079200
714426263401593600
3108105
38122537963910400
264739846971600
197712495087307200
119098241088306480
402335786552700
1423885936112640
59479724304000
9576235612944000
75896194374000
8648640
872182080
4455360
126620150947290000
14295468781440
262080
9173872772064000
66265290
186513492189024000
333572207184216000
388849887231886080
41799616320
72663867816059520
948964262400
58343356817424
683338116661200
28540937513088000
855036000
228902473800
617512896000
602283151860390000
2973986215200
548340
54205282010880
15995470474368000
439361100194016
332640
612079941919446000
1042622449440
13218479072568000
26707923242000
309206717820
3179779095480240
1316189224350
2549632800
14753304165600
11565134380800
173588164506900
250699680
109027350432000
8154553575168000
15504508279260000
5397062711040000
7324893511423488000
3809332800
12850149312000
1870082229375360
76488984000
7054320
15896036266110000
86904529895383200
3037062600
5178799145520000
17260614650479200
928624717374354000
71461108118400000
500358310776324000
37711260990
25675414324560000
50616
251415964800
53410681854129600
205323037920000
8130822550115265000
30096740497824000
468533989311696000
25812039052800
854894733428736000
6852309593683554000
5552650303200
1675009011789313200
50600
309232340118000
367290
444422160
886995523814400
4024460371350988800
52797352608000
2818953098830
29677938224482240
6442946757046800
97566574433328000
117833299161177600
399671768976480000
9453484215504
1905040678800
122277202047000
5168169426420000
76904685
2432785715360
69069000
317478535854480
122524226697600
1618699680
19656
129866821484400000
218950714382400
1129276708560000
534106818541296000
310691063708625600
305310368975040
1382787806400
417592274407308000
5256289325327040000
313296984000
3698065101931200
75558193787185200
1144913883656400
319983955200
12373104426883200
358290697708944000
1749748000
41988109995216000
6701768889791976000
17829365400
34028068882373280
90090
136550026332720000
21289039200
19600
50648060378916000
133393311324000
1107568
1332170909961091200
681905666442000
216469471680
88495759123200
339740750258910000
1588015611000
4737399225262704000
737665208280
866421317361600
35206748577000
114125388577200
13023786954578400
46600210882038
96325664106672000
26574260092380
537436046563416000
3638027530800
12694817836800
7200413193179606400
2550240
843620756378400
1087394017710
19635
1173278867260500
153618779624310000
1253988489600
290727360
23222793594000
18378360
33902046097920
97039187544499200
5718380694586560000
249864014400
10032246832608000
913223136695950080
1569931359800403600
2445544040940000
193267346126400
23314186523628000
667886510491200000
259835192964547200
182728255831561440
3265493511646080
27406959079500
3016991577600
180241588800
380509640289979200
48002754621197376
96966348693554340
11220156059832720
50388
12129898443062400
31913185189485600
2573271312563952000
778320
397982021731866000
938235658505221440
203942248548192000
1588385420160
63681966826077600
66892822296300
1697080
564859680
4364860500
293861230138476000
7258372384420357200
4684950270000
89700
151532656696
229466952000
50400
48459472266975
34918884000
280624186575532800
1695331688277427200
14115694320
751077302976000
6850263420
84810985459200
22086194130000
20030010
2141691552000
2481256778
379860452841870000
190824717283200
1166803110
5088659127552000
237932623306224000
181195066804752000
941432800
4961293495844400
9471560310248400
1252786547212200
4818805992000
77043022956900
313775792842075200
1532655000676800
88884432
218296913817153600
1753901166097080
30520389630931200
5710382959349376000
29123405625600
31571867700828000
214057031348160000
4355484854900400
1903351177728000
30531036897504000
10272278170
2613390386607000
425188161478080
2477881255449600
173770408240
2552182432800
321042103200
6840682632000
169403660563442760
98672427616
641171050071552000
454257330357600
2717926002071280
47621780378172000
10210200
5624823108224880
5049070226924724000
1348892220295620000
53595146404800
73982844936000
1232419887578880000
10972794178710
149521680
882230895
278286046038000
55426800
411863760
4002731258803200
181668985898400
722715366172800
51159656948400
941327378526225600
23014152867305600
245790589603104
12037886733656784
3066842656354276800
5919903161172000
41064607584
5083737120
1240360662340800
3030899299279488000
2331418652362800
38846142580608000
910294607805580800
7081585999488000
35586159840
2170631159096400000
205448061218400
2609070750
1483630051503600
654629439784320
2194723440
29566517460480000
650538808920000
7351344
180684273369600
15854568345415800
625122980476394400
1701218256639501600
4176298526400
1412938223820363240
992107116000
68840085600
801463812589440000
113301249193440000
2298296547106560000
7776997744637721600
11754449205539040
85719204680709600
256332543667200
5837513625723780000
254829799224000
146732642456400000
706490500716000
15902059773600
23944377600
908561253600
950352346944000
39277766387059200
6853770
591330349209600
8957267442723600
136882025280000
18772461876168000
7093507861440000
640179540
538257874440
2670130663200
2671546041964800
8672584394073600
175564319570640000
10680522652800
3761839604267745
1301483303643600
593137485261921600
25429815840
991004774760000
422850225798000
3295208251455120
94594500
612621133488000
52307640
7438223520
168840857704428000
6112313586880300800
18097886448600
501155823168000
3114586434960
41038250228375400
12045509154478800
5543722023840000
993488496000
46386315360
460605600
4195144800
13288820344800
24347400
243617414040
17716198500
20020
37148293236600
1449560534438016000
7814272172747040000
11035116004872960
19554575040
88749815264600
1011949258320
2264938335059400
83176446466713600
1528976628675175680
15605717295168000
25808011908325920
30289637664000
3645351454644900
2493442972500480000
3180411954720000
45050204237750712
203549721132741984
22876817040
5309065023816153600
25717585134384000
102069840730057200
5212420325029008
5952642696000
1470268800
10622378999232000
22230464256000
188790
2293468193016000
144956053443801600
749098240800
4223788208640000
380933280
2253231908928000
2397592197000
286683117876595440
1617319792408320000
675363430817712000
18479073412800
155853099419472000
2477511936900
26308517491456200
61963877495520000
7364581197573600
800045910353289600
437580
10022292377697600
2908990460806630200
295323967224000
20160
482356317643200
1411015714908800
924516275482800
45827275429821600
62138212741725120
702257278282560000
297398621520
55678969920974400
7808899821861600
76223753060
1319704069894610400
414393221282040000
475837794432000
6180060486600
619470313862400
24782430816000
57660926400
166971627622800000
1267892619840
754247894400
1466110800
17485639892721000
13679416742791800
1562854434549408000
2401719891726355200
756399562776000
248026779000
28325312298360000
294033967052918400
64083135916800
5287391629027200
4390495849499760000
1615295197676160
61751289600
179852296039416000
17670744000
123682687128000
45417246474600
757724824819872000
40477970332800
11499940683000
111314418415200000
6607906580411136000
18053528883775
1828799029785
952972020
637782242217120
381225379639104000
6671444143684320
1451182990950
12261240005414400
20349
26824189392000
107740387437282600
184862983136832000
20482503949908000
4084080
3671984377471410000
11169472125062160
595355219501328000
481345176312000
983291400
43288940494800000
1039705580833920000
260475739091568000
445951516696926240
4630679806072320000
4437686213052206400
1544423025600
950961249037800
635745396
1514268756000
131370428629440
114462528180
311369002560000
381447237600
690240521880
16657096655707200
136017764870988000
142482455571456000
1387660381886338560
346686561153092160
8314020
40613499251325
25415025309273600
5846817936960000
7277939065837440
354860518600
13878602337600
48182036617915200
1238166289832472000
3469150954715846400
412275623760
33720548400
2349167921100
632031550454304000
178693359768
367572680092800
954667933018800
29269972329998400
203795336745000
97535733094800
83518538400
21533311800
21474180
3089196326342206080
109815192002880
6194703138624000
1351617255084096000
801439718559480
70682976
8592011397169200
169886532816000
4653946718775900
2627408572588800
786853795172445000
19687599360
13460793313968
364446995552640
2594741688000
6605806165096320
14581405818579600
370265149974479760
3790593263457000
998181241200
289095912892987200
151851736148112000
28573068226903200
159445786500
1787940
23633710538760
169388331840
20475
134926567776000
325141689600
27704921916672000
77433789232800
17753775069064320
1847560
1543055108063040
8217027977558400000
12111265726560
603380175840
2112404914620000
2778808032000
4617486986112000
4283383104
36751427032320000
349188840
749592043200
289579317300
2465108393267520000
1616105811559239000
24638764550400
825444193221648000
2572599892262400000
35215834189536000
133428882873686400
2273560212000
1191289065120
74938456683090000
17450721000
35249277526848000
1423802179800
1029615350400
7724847101811840
462916532418912000
4238329220693568000
8410062920523264000
160975937358600
2616252605366400
8191050865301304000
120120
5431533118461450
92544171720
163452490241040
154772829432730080
332705785866854400
7123908609417600
24504480
16255955515800
680311148259600
260215523568000
131673239677980000
1307674368000
611591518137600
32211224354400
338783012568000
92862471737435400
1408269943080000
6998018332536000
63778314600
7890371113950
4846342026240
18834470054400
782372190600
2606210162514504000
2973557961185011200
11736838080
1094753571912000
2260683072648000
2660065448040000
2731000526654400000
9880206336000
1818846350751830400
3914235499680
5007251423824650000
2021649740510400
37731250917360000
378873802315008000
1806849455581170000
8595440981550423000
74833116420142080
90201254598655200
936491920
6943526580276
2007083816914176000
72156490560
39501971903394000
18480
171450567562560
2373717226280400
557347046256000
1062962153036784000
14665931280
21901205522196000
76256056800
630080835792408000
1927306085953248000
12410683129244400
171102531600
5793635326358880
24638856212470500
1009008000
112978568621318400
4216805903805264000
32580240
389889592812720000
96659442042683520
1821508664976000
4181424618571200
657550693800
765033639289920000
58198140
292597314240
12614075061588000
449755225920
1216029919104000
356587308000
711723196800
3147415180689780000
289128359520000
99768240
58286524986144000
1814632807082135040
6137150997978000
81681600
1219618845244800
509855621370480000
35738671953600
116454478140
48959791699618800
3187800
97821761637600
21443927604699600
117544492055390400
10306890594000
164562288877546560
552210750
8604045026577000
668816455507200
6994255957088400000
64329609516480
4857210415512000
1700074753977600
9801132235097280
325909584
184296290063525640
75608734385036160
18941078772000
49717839600
14295951736466400
260974564250400
331281720
2998368172800
157213545489000
12598354597400
939088911720960000
197892299404800000
209607311007864000
20955702244276800
708646935796800
18564
25741485
30923234011800
98555058201600
10068347520
7022572782825600
554372202384000
25141596480
93301528320
244351800
549700831680
168951528345600
9154733702400
6035489460
555761606400
111656555010
2629575
263340
1517753542688182800
533715531494745600
8200482930449040
2529873145800
1422621200
553098494520
90856125360000
274944364709414400
303584777496000
105338591742384000
1299175964822736000
650443829555520000
24648397751577600
36652770
4274473667143680
4096500789981600
1459671429216
67713112876819410
1612308139690248000
6380456082000
17315576197920000
125732684800800
1026615189600
44881973505008640
13813800
2574148500
17153136000
164295142304693400
1116961481631996000
55636126931385000
974381973617052000
136284188040000
4322113587882090
6172220432252160
147920805648000
55509967913400
2785874152123062000
706758212160000
3284260715736000
30695794169040000
19564352327520
28137451862520
61131938868000
989543488377600
41674865365092960
680759606498400
23490600
1320721479
8449619658480000
974382948000
18793343368800
2505433700
1890242507377224000
818809200
2419457461473452400
2203190626482846000
1877567003912600
247140618859134000
8658505523304000
320464091124777600
3298204990080
13983816000
8180071900
1820504
23371634000
4995897112206000
191413682460000
4546348948919232000
373750372195200
13337877571200
886998823648938000
775657786462650
67104303670134720
1450847230296100
6177263096004000
156177996437232000
4862213796375936000
2208872160
176597050862232000
8047256817600
778377600
13884156
8326495187010000
16425843033600
49220661204000
4929471993600
8762407589583648000
607758453240939000
5742410473800
1737704082400
139487040
3903232853520000
7444484496841392000
351045037084341600
1914136824600
125114693932800
7420961227680000
58663725120000
64117105007155200
92092000
108407304925920
340526021335500
341034031800
72093527906400
254186856
8131375707045252480
25257494160662400
3277200631985280000
17118808286580000
17561983397999040
4206302100
696049754400
96611160603101760
2650343295600
252706217563800
25983519296454720
5695208719200
136880785846350
13768017120
21510032544000
2251211436059040
2168211280435200
1771603588394640000
77595170756400
371074685043731760
4171658194704000
53117350
111152321280
70343629656300
30810497189472000
3087564480
16094638560
3294910080
45487119161484000
686125440
1192654483020000
384498815500800
168168000
3258024
6093558367243620
214751460
183324141000
15208976205150
2003599296398700
1453351887187200
1044323280
361369891116234000
691538174061134400
18712804133843820
3451485465120
29248649430
72129646800
24443218800
254661927156
18700822293753600
1960587666715392000
248547204048
2463876455040
7689976310016000
6493879142478000
16415300091350160
6552840692241043200
5220934522126923600
31072794873120000
105620245731000
5155460177868000
22406283900
828509503223001600
347351004000
4341262318192800
558473606253108000
103180524152706000
220098963684600000
155186660527470
258939957276000
173482529220000
255468470400
2279162717051220000
1150844254560000
43714099731802500
266765571072000
31495464000
2272929452640
23886301982400
28880710578720000
7493461368531138000
66927861000
104535615464280
8384722426080000
1626158460326400
729332069456390400
47605566888000
3521583418953600
31712152792320000
15099588900396000
179902090368
277572046752000
191122349418000
1776524709473514000
18900
1062010375773177600
272762266576800
32432400
8208201953952000
90195613200
1987757471700
257433027195183840
219046489200
