133003272402000 1529460817920000 
2595889296000 701789487759360 
115232317200 188606880000 
9343759304880 120932352000000 
138524609583360000 257136306539112000 
18215086649760000 18997660742860800 
5754221272800 11955879936000 
546200105330880000 283545648562176000 
17298277920 49816166400 
31302963724032000 40298068242432000 
70757740917864000 42600007296000000 
1549096937388000 4091567800320000 
1553639743656000 1802149635686400 
184342535549172000 138798569226240000 
6368196682607760000 650463384130560000 
4599976273200 841621175481139200 
546622987530312000 261475094200320000 
2158227552472992000 1088945397540000000 
21681916478061840 1668291554873180160 
10211394097476000 14402707200000000 
16987037512945500 37081621463040000 
173650492727712000 34846252721280000 
1197925885412916660 4213820620800000000 
56280285901476000 136527788113920000 
13322392299216000 13397824440000000 
33765373585944000 19383003319680000 
55079002218240000 178528741687296000 
10389345718752 98835244200000 
15487223431680 31426995600000 
11987960985000 50071633920000 
487401373803052800 2728063800000000000 
10217700004512 12230590464000000 
22912030392451200 18665908531200000 
92087382507120000 36136854673920000 
3452532763680000 7008359694336000 
72425873520 12858101292072960 
794219540914800 829595934720000 
1877658769196496000 1757112633026150400 
584834389219080000 139891865470156800 
337912392291465600 4464104400000000000 
448125678000 1075757760000 
11802643332480 122624409600000 
10477723733400 811563276356812800 
36683160614100 59012997120000 
100037089152000 222844766188344300 
154656205149045600 58664283955200000 
12618906300 520224768000 
9687600 62977474560 
22844202449108040 4874877920083968000 
160395464004375600 6398277270110208000 
172626638184000 195279372288000 
1471761011091571200 784931539392000000 
45821160 6079859496950169600 
24807213246816000 6969250544256000 
1358963001035640000 908499725844480000 
6352062444000 17777055744000 
302781643164000 484989120000000 
1755583885440 313918488576000 
808127182175040 29125928130969600 
1041871634127324000 361545809264640000 
21194715021480 37035532800000 
1699175977820006400 3169915832160000000 
5567902560 30091839012864 
164259041416470000 27186550110720000 
902522205585 12093235200000 
1069761924000 3200238543804825600 
1871589827250 41990400000000 
1757167297376400 94789292890521600 
100068281470080 5713316492083200 
591332549099292000 70025962406400000 
1048090303260000 557672822784000 
2735883348558360 713288035860480000 
1786065658503984000 1158800670720000000 
1465269269147043360 7801587892224000000 
2677114440 10973491200 
52095147818313600 19359029289600000 
6986910366928800 255091680000000000 
87780 82575360 
206253075 417942208512 
1503232609098 92442129447518208 
9620561692560 4993016251023360 
90135045 34398535680 
4685221240726074048 7584877117440000000 
1598394798000 8193540096000 
1767499487417664000 216080112568320000 
144989163064025280 2900606834442240000 
1734226502105097000 2419101745643520000 
2547164119500 206391214080000 
86491389600 223534080000 
5137434093330 1128443962982400 
4164487727400 150011181740851200 
64217109404448000 26083744727040000 
8996462475 5540271966595842048 
387612706981500 693130284000000 
5684333709600 58040040554496000 
1457163124653600 12872620022169600 
45741696000 2724132411000 
19399380 233280000 
17071454400 48009024000 
4709794079401210800 6082312960475136000 
601080390 2821109907456 
6849173525219625600 6382845768499200000 
14988890524608000 66774386501222400 
8769505830485400 1523551064555520000 
81557280 739875225600 
2064901046208000 413605048614912000 
138524609583360 393323931000000 
4804131578400 805724120678400 
17599117536000 32265048816000 
64373725848432 782757789696000000 
27014537232708480 148750275811737600 
72068304 3913788948480 
823680 9797760 
25308622691352000 24103053950976000 
8408400 74088000 
1310045693799150 12342355845120000 
838461283660 1298501242170900480 
745658552900701440 7345692632678400000 
156437182301400 1653372000000000 
843013710 12122115696230400 
11735582859000 42918543360000 
2340300247228944000 1103350248000000000 
2254260414072374400 9174667361255424000 
49440483892800 37289711370240000 
2043776091357000 2829103200000000 
670777794086400 579262382899200 
1743565824000 3651003162326520 
28608542820 88060251340800 
2759551895796696000 427936436928000000 
1445641797600 2682408960000 
774814950 797981558974709760 
2818769731227450 379715803781529600 
366791633208000 2224897287782400 
406568785352262624 910185254092800000 
12263842305 9017369737297920 
2883741116256000 2057640354408038400 
75724094160 918540000000 
14422278550680 315607940805427200 
694081287900 48704929136640000 
6599669076000 12906019526400 
3574276741222387200 556088524992000000 
8720842017888000 10905601867776000 
16472278800432 1040211718963200 
522037315800 1481421312000 
1699110 45298483200 
32346395848166400 15490911744000000 
1916656780500 1558557732372480000 
31853724903000 61451550720000 
85503600 71345111040 
88311312589500 120982740480000 
46381007673000 75645329760000 
373174488743360304 6934744793088000000 
10625467212360000 7064347530240000 
207151965820800 1184269760593920 
12943227856759200 3656522554933248000 
110468717963604000 166659897600000000 
3223281600 62731468800 
3082421251413504000 5323292573869670400 
220884300 152882380800 
6433698134200296960 2305628576697600000 
48236247979920 196036848000000 
365560 9277129359360 
1144066 483729408 
123559128 2786918400 
7637879238303600 2742118830047232000 
3652892546783800320 8238398334566400000 
2168462696400 6774998630400 
122850 3774873600 
2813745186252000 2960042068279296000 
9612470387520 3264752281190400 
161781309647100 8599633920000000 
164963008736826300 380936908800000000 
121929080 463856467968000 
46918010224800 6780639353241600 
519510331398240 14562964065484800 
5920200 7077888000 
213322636800 2056023889920 
21025157301308160 31757969376000000 
52360 173946175488 
258909219757188000 2265349965742080000 
54753013805490000 23004003939840000 
20992843872000 2473125425971200 
462620077920000 4165959942144000 
62644477896000 35307207936000 
534293145706320 10448555212800000 
118026433324800 275904921600000 
952435607563440 17336861982720000 
24131609775 1741425868800 
3931704415344625920 2445363641952000000 
15380937 9393093476352 
33572428594024320 16819961558400000 
55920253058445600 2246857312960512000 
22604400 19818086400 
60203540066670000 85902465967718400 
2885929366320 19253619000000 
252812620181721600 121949975347200000 
40233578655270 126806761930752000 
435897 1043677052928 
7050210004745107200 1335773020982400000 
3785671890000 26568622080000 
22007497992480 1101853894901760 
74364290 2015539200 
242964663701760 45204262354944000 
73945193254732800 4884454834805145600 
105125786506540800 26480405952000000 
476531724548880000 69202127554560000 
47275440157239840 182037050818560000 
1665709665570720 299580975061401600 
24227280 4541644800 
680465604867048000 5865087497601024000 
10810245600 38050725888000 
36822905987868000 55553299200000000 
3750481165431000 17635968000000000 
160785439214400 812560567762944000 
53743604656341600 370270675353600000 
89325244008 5218385264640000 
25501121309664000 16106712368947200 
222717608393280 51779427788390400 
15735376800 4127824281600 
226515377088000 270386823168000 
1855874461788547200 254211897139200000 
2774762403368155200 2879883030528000000 
5317046735000 15122842560000 
229673524172400 13033527772446720 
26360118400 34879832064000 
78685379517244500 184511281600800000 
1391280 217432719360 
59743688110797600 903657925556305920 
4434977619072000 112201560598327200 
1028630456168515200 3558988080532684800 
6466460 403107840 
90107817005606400 56016243360000000 
6696217985982000 5135673858195456000 
1532810822400 45910578954240 
1169363587392000 422378820864000 
5111084748000 5091288592416768000 
7980196344120000 25293328220160000 
258150321000 658409472000 
2133931800 12345177600 
5009148828684000 138491627533459200 
2474499282384729600 349541358566400000 
15093959760 18034739474595840 
36695491088256000 16219346721177600 
1791916815452400 1222172582400000 
234179431200 7223692492800 
47208853830600 979552051200000 
34128942604356600 377558327623680000 
454053600 2572970400 
40028664862105920 27601988198400000 
50741155778940 173328992714096640 
379480971870000 415549854720000 
4200485243613120 337028596944076800 
78378960360 2567836929097728 
4154246671960 155996093442686976 
4054851765252288000 791960289120000000 
2948014975791600 77396705280000000 
4280760 10159487440650240 
418010284692000 737418608640000 
21952479247498800 261860339220480000 
59308381440 338749931520 
189196856181074280 5055428954161152000 
20303139536840160 82282372300800000 
880299919699200 4414478745600000 
388778796252000 1279948013568000 
1261405718657019936 3033950846976000000 
3666482820000 52006164210000 
7624507592782080000 638636777146368000 
2172776205600 526229701027430400 
1334288828736864000 163119300664320000 
135301881897982800 829406312792064000 
11921861952000 49161240576000 
488864376000 617512896000 
267979155444000 160190110080000 
1555399548927544320 455432805273600000 
2264247709371648000 553800094848000000 
282147410160 91729428480000 
263616660116409600 2399592926674944000 
2192186339703360 4050301907002982400 
16310910265650 340934503956480000 
648083145386476800 93211028951040000 
468495027000 1493614080000 
894139646400 10032906240000 
1597008083869440 36733201920000000 
475020 6115295232 
19414841785138800 8044349620853145600 
2362803134221530000 276808510218240000 
498688594500096000 2335005450289512000 
49625135560 4870492913664000 
63145633719168000 13938501088512000 
15002966534400 226748160000000 
18018 311040 
48188059920000 75089568153600 
1855240306920 3457792800000 
1241052458340240 58251856261939200 
10198531200 62705664000 
237003824534400 11562664329216000 
35963882955000 92990177280000 
1020698407300572000 8211122496641433600 
4326260289120 526607182725120 
12966811200 8980986897534812160 
617795640000 1162377216000 
9097423832296800000 4134056174696448000 
41902660800 54486432000 
160542773511120000 113029560483840000 
664478926254000 919458540000000 
356948592000 768144384000 
87360 1935360 
703017296982000 2528292372480000 
1907236188 35224100536320 
353414880 475634073600 
40226554368000 577614211574400 
144950509594800 296004206827929600 
1694036605634427600 2145436670361600000 
46260537523200 115852476579840 
1232690614736724000 4285540224000000000 
2722720 24192000 
40365040197081600 15243746918400000 
1399603666507200 4571242905600000 
3519823507200 5094481392000 
1971108496997640000 231085675941120000 
78765574305600 145263941222400 
256031299373850000 933034826465280000 
145392657951958560 7430083706880000000 
17952 96636764160 
2791916536500 6234230929489920000 
7816708721683461600 1277577739468800000 
2060325507240 128581012920729600 
2233533229200 3740538557693952000 
570818750261760000 848011523014656000 
520447587660000 5951371345920000 
2142980117017740 171992678400000000 
138084917203833600 1322224673882112000 
10335989664 91321742131200 
1610561217720 5479304527872000 
257760341915076000 50842379427840000 
66163082416704000 36352301290905600 
53130 117964800 
66088582560 12842119987200 
3056596943400 173368619827200 
65771293728640500 9024110151598080000 
25367309352665280 126901549006848000 
478056150 15049359360 
17847429600 104509440000 
337206098790 70527747686400 
39661787880 7514474781081600 
401416763382835200 5457115056816783360 
4740236628407280000 1464863103870566400 
7306118820 5009649854054400 
2116523572363200 35598356604518400 
156431897440 356644017930240 
2610098400 202937204736000 
1474370320508205120 6487800491173478400 
844732246176000 11702381838336000 
1088647560 6383852471797678080 
129204235660500 110900845440000 
193347154000 493807104000 
208725660 3901243177209692160 
6139158833808000 1556132497920000 
1294322785675920 1004539163443200000 
191137793648256000 48935790199296000 
53757504463572000 17477067928320000 
18424 1899956092796928 
2633375828160 439485884006400 
582272390700 2483144294400 
8447322461760 1486016741376000 
850369722429427200 1029799791820800000 
1401561909618911040 2669876745338880000 
168658209720000 135852837120000 
178439172912000 1377317368627200 
219950678315768400 634894848000000000 
2428678219968000 1013709170073600 
6609690360 438344362229760 
275369094000 41278242816000 
19413757157652000 150493593600000000 
976784021593380000 339750964032480000 
258861409884000 4091214047477760000 
24622950137025240 2796089100573081600 
282748215456000 628545899520000 
74135476800 232475443200 
77152755403152000 60491370240000000 
244798958498094000 213213036516480000 
1974024 39685497815040 
482835409056000 23494691546726400 
2001433243105296000 237264437329920000 
237380808240576000 187184432058624000 
3714498869497416000 1835540262420480000 
234085759427520 819354009600000 
10356368790287520 339031967662080000 
293318625600 370507737600 
18360 3686400 
462157457842080000 961146472366080000 
454261500 13005619200 
487678665474000 948109639680000 
1412232107766480 77052719923200000 
870062193000 1293304320000 
62018033117040000 17423126360640000 
200760303744000 3683027019672000 
1469306150692380 24186470400000000 
10518076800 120916751155200 
724258735200 92864064887193600 
8992153642237365600 1792519787520000000 
104609785760480 18492652781568000 
1779857420140800 518007361948876800 
394528334868096 183458856960000000 
106861841678592000 146732642456400000 
4424787956160 1834588569600000 
2312150729616000 1543429375488000 
32700417461712000 17863765920000000 
4011205791390197400 1022062191575040000 
2514159648000 6453009763200 
1586852229600 78364164096000 
242438154652512000 573416710078464000 
10242872640 21555072000 
4122756237600000 6799434497856000 
197791248695040 5683280771096248320 
7956349848615168000 6404586377936947200 
4873619910159000 1991688652800000 
7162848 278691840 
11780496000 4359979008000 
218338171975123200 56317176115200000 
4639914160081200 10534551552000000 
312330018000 640120320000 
177843714048000 470979407940121080 
2238390 185794560 
187336380 3710851743744000 
126977760 609638400 
8360205693840 75848771174400 
1352078 725594112 
7942195409148000 3041851760640000 
14766198361200 40415760000000 
322650488160 479480601600 
31901872860 3381513651486720 
1122221896773120 3174474240000000 
495266515932988800 530941398220800000 
1998518736614400 168429477062246400 
12155534490939840 394649130090600000 
83264951870100 385786800000000 
123927754991040 429185433600000 
18128199870950400 22225383007027200 
689198775174000 488869032960000 
771008958720000 14786923816304640 
40954731125227920 423789959577600000 
736699060056960000 438241492136448000 
1278775364826960 3068410535608320000 
2403480683435832000 900704310105600000 
243031179519928800 47076277248000000 
185317892880120000 49712548773888000 
1781740867146240 201364441399296000 
3547982095257600 394308341531264160 
623609303501184 171228266496000000 
6164920911996000 16895313779097600 
92516613189000 964467000000000 
47621141568000 26287864562319360 
8664213173616000 2196892938240000 
534026132640 342456532992000 
2336198689440 17118912860651520 
18964470995949600 765275040000000000 
3633379717968000 2640496320000000 
49868859450009600 96843544021224000 
131140481472000 3231289442304000 
3021518573462188800 1358211895840800000 
78010008240964800 162030456000000000 
8892887421600 19554761318400 
419026608000 771891120000 
5883768000 31352832000 
145558781316748800 31776487142400000 
40196873316600 90737055360000 
205903485005400 3640741016371200 
201132771840 1156513438080 
750341635243200 10377700641000000 
9423442828800 6865290432000 
927620153460000 680807967840000 
262596783764 109561042308169728 
607620 30923764531200 
5019420 5798205849600 
566691584659200 305124019200000 
60979109020830000 291617195950080000 
176689553040 323326080000 
204008970477312000 332705785866854400 
501900759360 2750517000000 
1005663859200 1759911753600 
581400 33177600 
2379326233062240000 677572479682560000 
2523781260000 20028653568000 
2607276672000 21793059288000 
558981495072000 219689293824000 
4921121078874000 8532986757120000 
32607253879200 32591268864000 
233253820800 11771943321600 
33768171540885600 580475289600000000 
80615406984512400 423589652604518400 
860404502657700 5786802000000000 
23930713170 1038800993736720384 
39181497351796800 44245116518400000 
53068305688398000 27109095552000000 
56124837315106560 2285326596833280000 
688487527728000 901289410560000 
542047911951546000 4739464644526080000 
18903737833344000 8643204502732800 
593676898214400000 1657100642140944000 
2144142000 33617430000 
5575554472809182400 1231949963059200000 
4204691687196000 2027901173760000 
117386113965120000 20540948972544000 
377649043200 16052649984000 
2952699750 92897280000 
60609538663128000 257452400443392000 
5382578744400 12187194800209920 
1030689059400000 1999833675840000 
49447812173760 900067090445107200 
315173761753923072 8321693751705600000 
66670492529440800 283168745717760000 
98833672802592000 220264831490457600 
1353412788 584459149639680 
1020872973120000 830700142272000 
50190075936000 649945944648000 
2054033145964800 61100745818112000 
51480 362880 
70471800 110830772079820800 
90352612350 487710720000 
4466262200400 125009318117376000 
96792236541000 1444738498560000 
145568097675 2418647040000 
3882975436420680600 2351904474931200000 
49097207983824000 20532499384320000 
391814973517968000 214146363949056000 
1514205 265420800 
8151813469800 14814213120000 
41299416127569600 45368527680000000 
214439276046996000 32011868528640000 
94875300 886646176638566400 
3047513816083136400 8294063127920640000 
3370834935756288000 3434382305722368000 
745376106479148144 1516975423488000000 
4567054874382000 5523138964094976000 
29144138639616000 133082314346741760 
5069430910564020 1917756584755200000 
2756357027424000 1393850108851200 
4059928950 22568879259648 
1978922994048 2335132800000 
1834158030705000 887206763520000 
7975468215 2254342434324480 
101082487025520000 16806230977536000 
404779703328000 172613016576000 
27036964856341440 6509413779111936000 
162020786346619200 28245766348800000 
37517081762160000 204732972564120000 
114914827355328000 166935966253056000 
4420194360341760 3737769235200000 
180682637317182000 3981150301401907200 
1718380326932640 123577152212828160 
66258582390000 51489678240000 
2445277554720 254273975746560 
181613878045600 4057816381784064000 
152659773826560000 327507257962684800 
25885009543536000 140460687360000000 
14631376032000 1236562712985600 
8427087339390720000 1314620734242816000 
815377800621384000 530267186921472000 
146349861649992000 303519938641920000 
1057900428498513600 301288174387200000 
24448319284989600 2953345140523008000 
6853260734732412 4094897452870533120 
62053415646222000 208324872000000000 
446185740 5598720000 
1150065996132853800 2172254628741120000 
120796711203168 6191736422400000 
157410 472877960873902080 
251793214455182400 47517617347200000 
38112374664000 72631970611200 
211183061544000 8358844170240000 
107666559 15655155793920 
879955876800 926269344000 
19691393576400 63489484800000 
3452122930095840 138694895861760000 
1754918965800 2019890821154734080 
39017002752000 4210736926556160 
8323726320 769482217582755840 
3241702800 609569246439014400 
1170798893199936 13733933875200000 
226800 6306300 
16632 194400 
882466156572000 1106127912960000 
528708660480 113359454208000 
47256062684430600 29035857715200000 
615237480 46965467381760 
91776480283488000 148527918000000000 
6191382206100 730406948721131520 
2421902411824896000 1545472037575065600 
101931919689600 193685254963200 
26668197011776320 169901247430656000 
931170240 2395008000 
552552000 70849658880 
1405601967935088000 549097697820672000 
204638627793600 176033088000000 
4070927302041600 7546250183472000 
555109761772800 23170716039905280 
30114045561600 53492054616000 
941958815880242160 3949553870438400000 
6333489162000 101131694899200 
43308451304838720 1165037125238784000 
715882973005200 101559956668416000 
17671763466000 79996750848000 
413092516636800 643778150400000 
1609381319392 8559456430325760 
16261584603264000 166786103592108000 
296313300130848 24766945689600000 
8751730478400 136048896000000 
110254281096960000 63752803274160000 
4707440359221600 142393426418073600 
51787991455200 94849980825600 
9325674609451200 3089380694400000 
328681119102336000 90670653545472000 
141277640689785600 35568742809600000 
1101317763401856000 718875123120000000 
85053302560512000 162634702230000000 
318107374200 338533188894720 
3119116742501760000 334524026124288000 
79833600 25878772920 
562194032400 726485760000 
15720548325589800 70598275434086400 
18851684897584 1247968747541495808 
127609121640000 97094821824000 
1540692745792200000 505915965434880000 
5261703498291240 753404372582400000 
19487790734412 48922361856000000 
2221999355610777600 431532541440000000 
30083961600 357569372160 
17882792928000 55180984320000 
54752810112000 414068126472000 
1344377034000 1997835840000 
1025956255709385 399441300081868800 
4163580701280 249707888640000 
1362447521551116000 1166619283200000000 
2619430933350 541042184237875200 
885971901672000 1815341220000000 
1113144184152000 764172208800000 
40518448303132800 13616159356800000 
13769750554560000 31505072062464000 
8326646426592000 100406436172922880 
366244675571174400 104086209427200000 
7192776591000 20483850240000 
1757701400 76187381760 
13728792 597196800 
3602579837589532800 847721703628800000 
173155761979200 267460273080000 
33451396948569600 57388223692800000 
175991175360 509448139200 
8025797466086400 20595995836416000 
7308522421200 11639738880000 
2250259951935600 224685731296051200 
3954017760 5707608883200 
833930517960540000 124281371934720000 
29904336 244611809280 
796461832108800 10032906240000000 
2234808576000 6844101264000 
317687816365920 846526464000000 
4092772555872000 2215200379392000 
3307023720 199065600000 
11463328800 4179422085120 
118657161342720 35158870720512000 
202671653184000 6462578884608000 
465135248377800 970382397600000 
860120071417152000 227201883068160000 
537213600 5960908800 
764039198360037600 292017769021440000 
54801847997276688 8088686326657843200 
964724959598400 441340099200000 
1967842755109123200 653687735500800000 
33992693280 7738672073932800 
17196754025451000 644972544000000000 
25443295637760 29772943200000 
76300974077328000 12671364625920000 
6638187567866400 104485552128000000 
1060137318240000 641904655392000 
6804873026558006400 593161093324800000 
344744482065984000 634356671761612800 
224553649606125840 7038104997121228800 
539566560 357169480335360 
18760095300492000 85817466814464000 
18255015811632600 352638738432000000 
9530634490977600 3389491961856000 
4740120 2837267765243412480 
457169091630451200 899847347503104000 
2459803443886404000 774368548208640000 
32526940446000 367104555417600 
265650 424673280 
699425595708840000 115542837970560000 
3463115239584000 6686506827000000 
16800 189000 
4917768055200 37924385587200 
1108800 14553000 
3340738195258464000 1953150805160755200 
58077087868800 80955940665600 
280816200 65303470080 
33578000610 406239826673664 
306531000135360 37670218629120000 
82455124752000 50345463168000 
1238982483827088000 509117328720000000 
16697162762280000 12583369038240000 
436704293025 1881169920000 
296010 1528823808 
3142900857096000 59243308056576000 
108112489246328160 3370285969440768000 
5039341838960 1981355655168000 
3317506460268000 88864962084864000 
565550546927520 3119921868853739520 
5934520206014400 2288430144000000 
4324569480000 6393074688000 
824551247520000 427936436928000 
232908956280000 152092588032000 
302862384935510400 445583754000000000 
1087170400828512 11236854988800000 
28877940 432932703436800 
21275456792990400 69441624000000000 
71101147360320 2856658246041600 
185813395267500 550787973120000 
29975382673236000 20228087880000000 
21071068200 320617590659481600 
72009238376275200 51849745920000000 
156372609750870240 572116445429760000 
40130262900 852336259891200 
586930569825600000 318004321130496000 
391678333596950400 106984109232000000 
218581039797120000 1897655223092428800 
3469540314240000 11924938561536000 
1124018280 3339766569369600 
345212293009584 110075314176000000 
2825962002864000 2300400393984000 
9159311069251200 35115171840000000 
405623400 18139852800 
31920785376480 580475289600000 
203469264206208000 56487609674496000 
136244752155111600 133327918080000000 
39697257600 428338310400 
7296179514624000 105268423163904000 
472088538306000 1919922020352000 
190752435193320000 30811423458816000 
620373708070116000 775982592000000000 
1143676138917312000 112041539850240000 
294482588400 377213760000 
7041349715400 44635285094400 
36453514546449000 3046798700052480000 
67756602513600 165570645240000 
5998301427888000 15688505652019200 
1663200 10810800 
1583920578240000 409552543265065200 
53429314570632000 51649401323520000 
12355912800 63866880000 
26190840475800 7109196966789120 
21769956744307200 949063488142049280 
6671444143684320000 588218084213760000 
95777510400 452548736640 
23558607072000 13730580864000 
699425595708840 1764331632000000 
21235786509377440 288947699712000000 
721295746703532000 689347342997913600 
3634245014400 3391982524170240 
920729973072525 8319791650276638720 
1212989844306240000 132048957680640000 
19770088800 20927899238400 
23657344249298760 4438236667576320000 
6744121975800 195910410240000 
14356026184500 30245685120000 
46174451758835400 995287575350476800 
3027024000 19297278000 
356070514800 6925339958244802560 
5096595984480 72559411200000 
157111065548236800 35589665599488000 
867385078560000 1233614333952000 
67813200 72666316800 
37472226311520000 289355674838630400 
182682194975280 789019852013568000 
416714805914 11555266180939776 
164826040579200 2785921946615808000 
2643828751779415200 8084327634583200000 
40505196586654800 14340158300160000 
30084073519500 55306395648000 
51040080 476225973780480 
3310648757919360 3384895165138206720 
208779651400320 964357596905472000 
67689165418875 92177326080000 
94412260800 11466178560000 
309228904203109800 4353564672000000000 
17143840936141920 105947489894400000 
84943146037509760 686539734515712000 
2885182986814128000 1557057285233049600 
622751220 116095057920 
354079299974400 975599802777600 
1116565550100 11835297780203520 
7397905094395200 25342970668646400 
4908043140000 6304858560000 
227779372220400 115065395085312000 
91561168892793600 18340133011200000 
1399225810873800 203119913336832000 
271026410054400 505974629160000 
43288940494800 110130700680000 
95903687880 1393459200000 
28480320 4030558371840 
53775081360 83825280000 
4470698232000 21069103104000 
836022413616 60867245726760960 
4859454600 2548039680000 
535141820036311488 5138988348211200000 
2809475760 213745060439654400 
49423651200 166053888000 
86525205782400 2896339504988160 
6732093635899632000 711793311989760000 
1604713395285000 22432091996160000 
342876818722838400 642748105359360000 
120590619949800000 142611515766720000 
720720 3326400 
2944825884000 3168595584000 
15257889504 82189567918080 
1212989844306240 2509271654400000 
118398063223440000 59367689821440000 
6377772918220704000 8246636732900966400 
34004441217747000 444324810424320000 
346915095471584640 139735065254400000 
543585200414256000 337442755313664000 
22248217751760 26118018249523200 
176965138350 2708884684800 
55458894941049600 4323023244597657600 
786867900 173946175488000 
103068905940 373403520000 
288807105787200 242106568704000 
11801532600 3852635996160 
17298277920000 26817702912000 
259926395208480000 36248733480960000 
142373813400 888852787200 
652797222661584000 449962577064000000 
8395354865242800 625609333077442560 
159445560554280 70317741441024000 
28670669047238400 13443898406400000 
19251960 259759622062080 
46215745784208000 98197627207680000 
6580946121750 8656674947806003200 
16962197091840000 12750560654832000 
257403837600 8707129344000 
686775169080 58445914963968000 
131275957176000 266655836160000 
654063151341600 1433869516800000 
33731641944000 23974030080000 
1067146490592000 2346012650741760 
2356099200 764411904000 
78932042148960000 37779438977280000 
46448812800 3531582996480 
15099588900396 1238347284480000 
211116305400 27862813900800 
9387835019563000 5917648890101760000 
1601600 12096000 
72273978223246800 39211370352000000 
83825591850 2648687247360 
4643123586871770000 2855284852654080000 
112201560598327200 62575236218880000 
9782176163760000 2400890139648000 
4494589444800 29020020277248000 
13938501088512000 548540962925155200 
22973292505800 95234227200000 
5397062711040 4446092851200 
454149173850372000 833299488000000000 
3116803715625600 5565720920760000 
12678926198400 1114368778646323200 
21280523584320000 129839084863488000 
38546121719064960 111152892816000000 
3376537358594400 3388636944000000 
349363434420000 201755473920000 
6608858256 5096079360000 
734396875494282000 923923158238080000 
1194315099120 42998169600000 
41742906905700000 71305757883360000 
230874349305600 588412600776000 
590943001965498000 1321588988942745600 
16409494647000 53331167232000 
27626214752136000 10596521295360000 
403650 1698693120 
1673844480 548155938570240 
1226124000541440 97942568435712000 
743566529946240000 1602711742670438400 
2084106024000 376335944384400 
25213318759200 403107840000000 
971890920 1698693120000 
504504 2721600 
1272164781888000 1146258313200000 
88246615657200 1209323520000000 
21438332435520000 8130792301632000 
4213543669695360 5579410636800000 
116150683849200 1907054818099200 
13129839188200 547805211540848640 
962598 66795331387392 
46983358422000 23538138624000 
200365953147360000 335724285940243200 
3449439869745870000 1007916172623360000 
1850587070159520000 400383737994240000 
24794078400 3324923162394624000 
2301415286730560 129448569470976000 
1722664944 39137889484800 
584160505972243200 1290187597676544000 
1081024560 9784472371200 
339243941836800 320952327696000 
3755386514880 39016857600000 
1836239825758338000 3628652618465280000 
1827282558315614400 1176637923901440000 
61447647400776 456504342950707200 
5559348970560 599298932736000 
6827501316636000 14338695168000000 
2745379800072000 18203705081856000 
7573612914000 50283671961600 
308104971894720000 779034509180928000 
7524185124456000 6628339836518400 
25031930 7295831396340203520 
21998896920000 262153521630000 
1107164818032 121734491453521920 
75710250 6635520000 
55233966881533440 1107504427696128000 
52907400 406425600 
4355023430652214320 5819869440000000000 
10419029563662720 263099420060400000 
267571289185200 298896998400000 
1268365467633264 18728091648000000 
1399522924800 51011754393600 
22481940 37572373905408 
8672877386789616000 882327126320640000 
6395488954104650400 1290614247014400000 
1118917800 236165529600 
1575061158528000 2605132530000000 
514519978452480000 514272613078224000 
1102542810969600 2102495194800000 
3249079940106000 941525544960000 
84284272800 4266984725073100800 
15220385611599168 76517631590400000 
3298204990080000 6625090023552000 
40616781150254400 744017400000000000 
2803127791464000 1506440871936000 
122895023699448000 56909988495360000 
1565847385502400 6964804866539520000 
12328062626037600 174142586880000000 
64716257273678010 308558896128000000 
286228470914100 10749542400000000 
127149079200 264180754022400 
4247157301875488 222902511206400000 
24992922616200 987388467609600 
49605355800 418037760000 
1513512 9525600 
16207379321253120 855073115196300000 
193590292896000 337316419440000 
36191366640 6191736422400 
9534420 7124835347988480 
101773182551040 104205301200000 
274575840 5419008000 
457470455566924800 76891252838400000 
17556431957064000 10042939146240000 
3628800 6469693230 
305203896309312000 44349776190720000 
333723266276400 1266240218097254400 
25839974160 213084064972800 
1865134921890240000 459020183573952000 
5938668314525746800 3110984755200000000 
4813451763120 60466176000000 
11810690589297600 12515047243776000 
77522541396300 441082908000000 
57085528500 902961561600 
23571756428220 4739464644526080 
13596149903212800 23999025254400000 
1249074210384000 7553663631360000 
2632837778132562000 8645224996800000000 
1918424491087104000 2206547252910000000 
329445576008640 7281482032742400 
34015052918246400 6043419222736896000 
17296 949978046398464 
1626164510023053000 396470522448000000 
25165981500660000 70792186429440000 
11565501948000 187280916480000 
14167289616480000 6570337213440000 
17990209036800 17290361088000 
325776270314313000 819166728683520000 
1202881595603688000 359318739225600000 
1273639336521552000 171174574771200000 
135970773120 166639405325352960 
36141044940000 40683202560000 
37924165406400 1417176000000000 
2998800 44332308831928320 
6759695726784000 135094476393676800 
107040774531845700 789910774087680000 
3440480285668608000 513190267349760000 
3685018719739500 128994508800000000 
2362159800 39016857600 
8566766208000 35756937216000 
693236186763120000 4919046472256716800 
127132672867200 484150671625420800 
129060195264 1633640400000 
1519441811367480000 822113443831680000 
117239382760500 298317690961920000 
9925027112 1753377448919040 
8153778006213840 38564886321561600 
9753573309480000 6456175165440000 
1733432805765460800 1557428101447680000 
698726868840 3135283200000 
1601146594484236800 180066760473600000 
7879240026206640 78015878922240000 
