177925144320000
367837200162432
18739801080
640458637793694720
3857637770157600
5162252615520
856326196254765600
410789332800
583134552000
43264821600
265447707525
7898513334397686000
146716653283200
871130128869000
61634418365520
30066877133092800
8503763229561600
103077446706000
18883541532240
229911617056
1653814216454400
991781651717356500
318409834130388000
3157281685958400
1315534035816000
2098276787126520000
14079294028800
76194848605075200
603983556015840
9085612536000
192944991919680000
1037918700
10408620942720000
43006003570857600
112713020703618720
6806800
78572521427400
5360800793040
6240358100755658880
1027128497194800000
1340119937520
8241302028960
75236792085354900
31803045120
160207839792
6379820115900
6071695549920000
15875532003240
5102257937736960
1016349037704000
1322961000270
18584109415872000
2498640144000
82335052800
796407473534400
1186571613427200
1028514305484666000
3947311980596160
83602056938400
751026801565040
41410215
21459351513600
644254380
21438058561920
970743859105170150
162396995602842000
3311462274956035200
247462088537664000
6301245944448000
18490100706000
81398668466115000
3710788081416000
2069663921847522000
6096454
37492413369465600
28560
617760
10827112826209680
321253732800
58905
246510839326752000
2604757390915680000
19275836580000
405905645693948400
4209128616000
114002804916000
64314997306560
1081142370000
138131073760680000
685026342000
16325623896582000
1478331372748230000
434750222713957920
12226387773600
105335033126400
350809076217600
97527
406993342330575000
413040513600
45670548743820
1017061382937600
9368056577880000
52194912850080
327763800
2997538267323600
56944843055100
135193914535680000
3247939912056840000
65230224049710720
838255918500
1824044878656000
8466094289452800
111117487549068000
23980306138588800
3088978200
3820918009564656000
1339243597196400
2948400
1387774404432000
253428235328268000
517778630293579200
784875781609920000
14079346407126000
3169425077058240000
13509217998460800
180885929924700000
271435249800
264369581451360000
1927522396800
49306935216000
617512896
294948056878675200
13919742480243600
6195607704000
10733277970800
7759752
497296800
51108548400
78288354281823840
167685848806291200
58800
189431206204968000
42743451656505600
11354311618650
818007190
158612598144
3345139694856960
5632701011737800
87782353429680
223392296326399200
4164274163926800
147936751512451200
6165237078000
420503146026163200
628663424004000
4205300599500
137150727489135360
7317493082499600
556512
264475371600
47070144
1068618416785920000
27720
22100971801708800
95306344909776000
1781030694643200000
138920394182169600
1627920
11970294516180000
375256055512800
43240982400
327973792518187200
4253637388000
4444221600
46823400
76692796034400
2067267770568000
3760495200
3588520320
720092383762752000
2220704484191424000
13781785137120000
229120303924512000
235462734482976000
3291245777550931200
561024668812608000
42471633204000
26017753182220800
947648315864250
9462937699719504
198451739833776000
5030575464188736000
7858292800050
11639628
28861685077680
9187856758080000
952124354096916000
280312381923782208
8228114443877328000
539301160698300
10035419084570880
31349712240
961485236712000
1307504
1474743537618624
313606846392840
5091240
4287666487104000
380974243025376000
242860520775600
150150
251528773209436800
5562762004800
1184349806315676000
3531941017244640000
299777810492160000
300670848662184000
1800103298294901600
45383973766560
713523437827200
94684453367400
36542612106000
249900
175347171370800
3188911211085600
543845996128512000
33902172221603400
690908400
282319177140000
1167968258015759200
1314072331331760000
7247802672190080
716707794691488600
250359100992000
27839701049160
6771537843840
631369292400
1351848242817072
72108036000
1921652631360
638045608200
1341209469600
1763167380830856000
26860680
829647741780
2903050800
37837800
25154167278240000
21202746364800
431566595460000
120709789200
4092660
314741518068978000
22383900
2997778104921600
2007584859079800
2532403018945800000
4587307047558144000
108743040
209757240
433084513048387200
73061188200
13398786601200
11494912505076000
686439600
17739910476288000
4011209802600
1095046286770800
1000682814700800
98280
1770396499872000
21187600
5610078029916360000
2570029862400
18220766251010400
9689990310
53910659746944000
38858851519488000
647162572736780100
3248700
107191662177600000
5005989833644800
395010
13556632320
96339613734000
216529327470456000
1888449108413868000
2675350860
233267277751200
7795116293764800
6250347750920
220540320
1968448431549600
108410564021760000
1318005920
6577670179080000
2739009325852800000
876944653200
1672041138768000
1951397412027663600
1854871139030140
60375839040
1887448612549500
143558427870
39071360863735200
424938800
2284103197894518000
1219005526433254560
5450069576952000
1016421963380656560
500598983364480
5195103313982400
240781577400
832649518701000
1090013915390400
685676203656444000
43600556615616000
607776724546992000
18581339526750
58223512526699520
168470811709200
1097305445040
2620225758150
32871749726312640
106930309336250400
68712603960
9073164035410675200
188835415322400
6486147360
136515770417426400
2200989636846000
14693061506923800
38224469883600
1095603730341120000
317243497741632000
66214933785
93243150
149652360
489279437460
47359225289376000
2187584942400
498960
8264692800
1647227880043200
827026200
1405076587200
4870265400
41560826511859200
3569377854794400
55752328247616
454711587687957600
270725
108410967334870200
2707566616755000
30678780
15647443812000
1128589640640
1012354200
7542252198000
1326606739106220
16241160936000
2019513600
333560938233600
2402677559346704640
7625605680
2344281651824112000
1251795504960000
627016810212
422630873280
65243641062600
6144751184972400000
77968800
166280400
310633691860800
5924242399591676160
22714031340000
24435180
2917240575556507200
174012438600
14341684500
1555115185008000
57002400
1814163062025600
1270751265463680000
409704750
658982016
246596836479840
638415707529600
165811112033840
53310641249051472
73256400
14665931280000
16029276251788800
88374974370883200
430200650880
2600149208648191200
145814058185796
2067061717551600
307350299582726400
701560466438832
13232419200
16233352685550000
79084998034922880
10842313482000
6683040
77189112000
1153496446502400
23724106560
1542017917440
240910183089576
159020597736000
7248220814651937120
1320593782107600000
641151774847584000
67508660977758000
636763050
561823680600
47474344525608000
46981771200
482069003644800
6814209402000
24392376904896000
110487596768703
2756795100696000
5807534192460
14381390505261780
7717799676787200
422061777937800
1609463856
28913754870000
24312771000
42744736671436800
28270328486400
3374509218080
38097424302537600
301991778007920
4542806268000
5279576538600
708840940266459000
21503001785428800
513564248597400000
28968176631794400
684016829496000
1236826871280000
106030580796000
205394666400
291567276000
14047378800
435565064434500
11085360
652145077584000
2009843665830000
2123581660200
800688596400
3969509265492170400
4295297838031200
332205564600
122415988383889200
236533019639716800
1302378695457840000
1249320072000
22585329664647750
3986646103440
12741471905626464
41801028469200
8497593689508000
688724400
2647398469716000
4639950174860
33440822775360
123731044268832000
211771560
3150622972224000
6969041030952000
10400600
329491008000
1672320557407500
12511469393280
1417861016
265403355360
2104854457305600
35844460983786000
65252460
22378356000
48281439581760
1981066063731955200
1434168450
739165686374115000
43144171515785340
175404538108800
102918816
4889826191250
32766478911129600
351982350720000
18889719488640000
1876009530049200
878099169899952000
22924477075500
94052314055700
597500904000
199475437800038400
1903460986449792000
51459408000
10160677800
1858466811801600
900614533230720
8814960
2650611600
1040535901263058200
7898654920
9252401558400
29216880
28824789470400
111314418415200
5137368752355840000
312943128199416000
2965419072000
96567831360
375166024833600
1211364000
1676106432000
1526551844875200
35571549686400
203213556000
1083026646702000
24554450289600
19513314886665600
287696309226480
4665076416000
8892185702400
72511212631572000
6615848775820284000
4333582014413652000
3383856589473360
3826698876000
582235125266995200
1821304251225819360
47400764906880
1273398663933396000
29672601030072000
3430627200
3686850710983440000
130812630268320000
3240415726932384000
309042333600
14701698352645920
194800232226600000
24659683647984000
1478325873024000
846518400
351718148281500
490972079838240
145192719672000
9025222055850
58140
1526597738265600
22702680
370847442355650
374130900
8027138675556000
596093097600
2298982501015200
792432887400
51951033139824000
422366123088
1203322288
5194672859376000
3708036291960
4510402408512000
542054836674351000
6090941861052048000
54205282010880000
1720098707259572640
3288835089540000
5414950296
48573564399360000
12045618224640000
2767724467200
193799806200
19429425759744000
845298888033600
480863831135688000
53595831088800000
10095125040000
2502994916822400
10826466373522800
357427674122238720
6778316160
84235405854600
622917286992000
1100494818423000
19112234941800
547801865170560000
181440
24053501706474240
1452031376258080800
1142051598947259000
2725034788476000
16132524408000
1461572960425578000
6997614624000
129663407636462700
2597551656991200
342838101828222000
341055
730200632465304000
289128359520
8120580468000
614320966878418800
20757933504000
3072375592486200000
5883768
13621608000
5852925
2962121199795838080
5308954150500
1637226853628652000
164397890986560
38588998383936000
803937466332000
4132346400
823613940021600
1669083807941550000
6973199770790
7823721906000
1388495700900
1649239147296
1360059803182080000
6616209600
2013760
42536373880
1443528849803040000
6539748103445356800
27405
273272054877166800
38594556000
689065977600
6233420033240400
20879775786870
35197176924000
198197314526296800
27417
364655071944563400
25378924421050200
2184252326678822400
4253340
224877612960000
86642131736160000
32463200
147474028439337600
19877574717000
39144177140911920
54078253614000
2832673662620802000
1672569847428480
14454307323456000
464618431435158000
126714117664134000
7374868300800
392437890804960000
7366990600569600
6754608999230400
85357272
646442324623695600
132184790725680000
1387860233760000
1033633885284000
2752560392400
137744880
24159342240633600
39759174000
2219221883633040
2515287732094368000
3082618539000
111469409251200
534309208392960000
11050485900854400
47653172454888000
77755759250400
150335424331092000
900051649147450800
10123449076540800
37963228703400
270391268070
1135134000
60903575460
739613020386240
125179550496000
13919850524580
14673264245640
2297749333642963200
5017709542285440
3797043288819580800
16631166071520000
571771200
215783297730000
1663635402000
80865989620416000
386659513340100
95722852680
6699393300600
1482147903600
5215718803323600
3424134353640
675924121408536
814773960
11342689627457760
64425438
99053303186597760
2710458569015084160
15084504396
9034213668480
17672631900
485343928941300
2329089562800
186234048000
3498807312000
5606247638475644160
1669060673280000
6384157075296000
860049353629786320
1644417544770000
118735379642880
9714712879872000
26797915544400000
1251497458411200
2817539155200
168826867929720000
2038444501553460000
2002597997400
5824463154631020900
694247850450
9292334059008000
680029901591040000
563171761152000
1393367615640
10439887893435
1381380
12689462210525100
17226649440
490089600
2004458475539520
11004948184230000
365100316232652000
395523871142400
6810804000
75811865269140000
93245444097120
706999794967065600
1381852180800
3911860953000
67863915
516816942642000
239307131700
48903492
3103900800
369766258990128000
127339866393339600
1257643866047184000
10133582659200
1541309269500
55734704625600
2081724188544000
87178291200
836284923714240
3687434150400
58837680
3683495300284800
3377304499615200
807300803941632000
741073951800
764551174593024000
445891810
337962060704268
409547311252279200
719028042876000
240360120
355304941894702800
75167712165546000
38877879625200
275435973863750700
35111677708800
73006209045
266783135710
8270385302088000
2934333065664000
14484088315897200
4192306418300
618413435640000
53015290398000
7329067200
145783638000
740460
3769920
4945283783371271340
326072538792000
199851873661440000
11862053280
124358334025380
108423134820000
118627497052384320
1047633619032000
1407934640712600
6571805692187736000
5925628800
308611021612608000
286128652789980000
1767801548299248
14221562027400
836160278703750
6255734696640
11189178000
24140719790880
1540524859473600
87702269054400
120796711203168000
1053385917423840000
5967561600
102701657298240
44850044663424000
401567166000
13534127880
1575311486112000
18525386880
1027240306092
156471564099708000
86991521416800
127512
73567440032486400
77655028630608000
101606778000
12277225144800
2257103762560647
11395440
420469168719600
99884400
2166791007206826000
1454628927915072000
172592876764526400
183186221385024000
25729704000
63643715812320
5054124351276000
1555025472000
55657209207600
2568684376177920000
199851873661440
245486039919120
1191003253440
97821761637600000
30630600
51356424859740000
134437703400
1854018145980
2597336429688000
10693030933625040
2255201204256000
3045470930526024000
229346494301276352
151200
195730923187800
1133089776
12673577276410050
97400116113300000
196844843154960
3980922079680
739162936512000
248072132468160000
297632134800
24909520204800
533182349145600
5666915846592000
2548824901855626240
1875854088108000
259459200
191807375760000
2112950051372160000
99087092476444800
155117520
602350749000
148816067400
266591174572800
20271091733686530
4329252761652
8733526879004928000
850887414365788800
26970
83931071485060800
41965535742530400
51770019087072
1781030694643200
1625595551580000
15333254244000
869934978384151680
1235591280
49819040409600
5400692878220640
1268365467633264000
26189163000
11333831693184000
18648630
131778230403456000
75497944501980000
85003737698880000
130364318584500
714797586823320000
434851528784400
170696251745136000
180503769600
117994968000
170007475397760000
3703332259351296000
501114618884880
128377071622800
67489660510272000
15939000
63109800
869703057568800
34634022093216
3562061389286400
1114880371605000
8347680
663029154051264000
10397055808339200
1950714661896000
1739869956768303360
51225049930454400
85329372164400
225943872
11738611396512000
129616629077295360
49962968415360
17081356723200
4292145
1462986571200
12166634185353648
3480248772000
376740
99274088760
340014950795520000
8660747488346553600
1002229237769760
37479602160000
3405402000
37905932634570000
121080960
699190800
354182240412000
690926090400
93117024000
5973808363724124000
3192078537648000
59367689821440
6307547190392448000
1381800
69268044186432
30817265368418100
44352165
706292627040
291724057555650720
1656632250
17555838854400
281120393587017600
152003739888000
975665744333280000
4135192651044000
142262120
47121984000
198775747170000
27132
39049918716424
2381089018908600
88732378800
21602771512882560
2983780800
200783583000
1167480
1440704529294030
309206717820000
258861409884
60092827294500
18245892865200
3151696010482656
163036269396000
194584420800
190272916753920000
3285902846093868000
2962814400
515403504
6580080
8095594066560000
146688132267600
25678212429870000
227146788701632800
67218851700
233796228494400
28828800
2131625141100
1127600602128000
254150253092736000
