1323169755164056800
308246045599800
21416915520
863133190920
787924002620664000
29566517460480
16764561795421440
24158418265800
22858454581522560
10569712230277200
23918800651200
1284489294382148400
3838380
6358414506444000
28696850
3776965920
92626934400
11325768854400
33315901819200
1294307049420
2199889692000
563453347032576000
48719098680852600
39014293237920000
3423761657316000
3929344448708764800
428766648710400000
6933731223061843200
43506727578943200
81930015799632000
38335533204428460
2144320317216
34754081648
6077767245469920000
105647502568608000
73629072
468957531042000
746150004152280
1283770716228000
113385191376600
83390234558400
112661595446400
6994255957088400
8580495
38955840
423221115240
3912870465504000
268243976
43936110019401600
57280075981128000
792540
161911881331200
83426304143982800
2312302002806796000
73362558852752400
492775291008000
445257673660800000
843291048600
93814013878200
3062618919360000
930240
3867952309650
225568798
26202257581500
868252463638560
134889222029562000
154206692640
6113468815303449600
7568434311942119616
5081745188520000
255366283011840000
1524901518556416000
26685776574737280
1492877907120600
24067258815600
3853584549360
79934353795296000
26255191435200
957623561294400
247118256000
1783806066787704960
1526019481546560000
4410806400
88217443222272000
1271617686781041600
13852460958336
23376027867192000
277832435767286400
9665944204268352
154872810478386000
789320421489600
240757734673135680
1511640
191479111136913600
1545092960400
2083805912732544000
1948002322266000
6057075024000
25815032100
510225793773696
198089067316140000
31081050
346311523958400000
62359143990
363242880
29260719928440000
78496567990020180
171256585500
110308269571500
64250746560000
302737801478112000
222976074321000
34694360110800
463067980607232000
20583763200
78237219060000
533792397600
3204950789040
396581421600
1480086414240
523886186670
37104806138400000
8193001579963200000
2605569573894487200
1411697171362023000
2047904931945600
1089958017240892800
9441770766120000
866117309881824000
246843433316319840
299213156700057600
36980651019312
494899856476945920
22777937222040
423478765710000
2709514080
228713284800
107941254220800
141293822382036324
13974537376800
4158822323335680000
1362160800
3850761410496000
627015427038000
4762841756010624000
56977200
99062115297600
1389162178836432000
92561040
1422468764542800
1322375535623142000
7433894902962528000
123545261920080000
19219200
136288073220979680
1432001899528200
50988566336837220
13304932857216000
2868015008859000
851858407404740736
137817851371200
2787616412380800
19205386200
1190746235847168000
315377359519622400
739614368842034400
3815048703866400
89237148
450242287211808
51894833760000
3982538909149416000
28409881500
92518293628800
18436616484
1885619736000
783029520
635467140
10938108564110
601791492144585600
39773834100
6227380051200
368145360
4095473112522792
4996296841536000
281900150532000
63537563273184000
176255250118627680
2037822938434483200
12700847250
4360055661561600
2150667659027160
138627410777856000
10790595161280
226493833505940000
7194091841576640000
4388959713600
38000934972000
10626000
11330124919344000
3064734192019500
34845205154760
332241287771713320
13274363868480
7900127484480
6313692924000
782883542818238400
291628116371592000
490804314000
2533395664800
840166125926400
112407685024635000
38433052627200
140792940288000
5589814950720
49634071760
148902215280
1896094651362912000
6699478886100000
13621040853420
5025027035367939600
55177479298656
774361171584000
9136412791578072000
8327161402560000
859544098155042300
971471287987200
4578058444639680000
3383531970
512936840057241600
1425060
3717832649731200
546063081669705600
1677106640
19571177498400
1441366080
958987697421600
279081149026680000
4457400
3746990
145967142921600
29448258840000
6741884167200
9669554100
17716035883946400
19380
9516755888640
891887915368335600
3915279868500
89356918530559680
3205758874237920
1674848325150
178944809787025920
83114765750016000
34001495079552000
327637849001823360
2258553417120
295370903646000
86486400
34368045588676800
106297191000
157134978000
49699896548176
5209358170636620
264180
749398
12760525830889980
29937600
19827718608852000
23426699465584800
4151586700800
2528126201817216000
1309458150
19448
46262007792000
927983760
2934972303120
3159461968
147339812011392000
40360320
385504479360
6823067874222600
131486998905250560
888030
13236545168
24463660725504000
4511375960
8268791731200
2006784668889000
7410739518000
4055544728451216
1987690320
810103931733096000
5846817936960
755341661289600
1111907357280720000
244527755472
77436117158400
4862067625927512000
42671977361650
121002614688173400
88256520
369395614070683200
820474732350
25944589440
132763751357328000
986650526862000
102346018113339000
15643718230140
20721209799360
41635807012800
544841634136800
63011520
121220677597662720
68969475030456000
157518196635492
362445041205505440
247365374256
2945832479029440
37363157042400
109994484600
31274521950174048
12741489961200
27322629974640000
174630852035640
41557382875008
45030726661536
2810970162000
2563325436672000
945508803144796800
5604013080694828800
61722204322521600
23021845626780000
2401174215490050
42236612308800
3613576830864
43156659546000
49473074851200
1657656000
5040996755558400
45414917385037200
152797156293600
78257409310080000
446516414625996000
129024480
51206259874770000
231276730314389760
52829501456160
21924
67948150051782000
694601970910848000
10272403060920
3752687330822430000
288616850776800
1489281975509328000
34631152395840
2200749799248000
3387830125680000
91697908302000
7064905007160
7963431225750
3235806964189800
882627521812058880
6214558974624000
57183806945865600
7733190266802000
80472568176000
7613843945799168000
1242736020240
12038696199129600
862883430315706800
4015671660
2457900473988960
374016445875072000
645090053562864000
1158727065271776
208374326825464800
5853994465999680
3991694850
1201800600
217063115909640000
185782348752000
41871060
146732642456400
21480028492923000
618624820596182400
8600493536297863200
5160720428502912000
50475625200
28781143380
30613547626421760
65904165029102400
118755
223534911600
756097002950889600
1662280263318074400
3841077240
821989454932800
9894614970240000
1079059516128000
1442227855068000
21840
208632584160
9744696561600
54396360988200
680680
918931700232000
73344957854968800
492777124249410000
8834477652000
3675142703232000
6903067442525654400
848244646368000
4461857400
4116752640
5093594655733584000
508673160515520000
1534789708452000
19180156884439320
711011473603200
70013843827200
13793895006091200
18668849760
486046860619320
1120064274494605440
181064683800
78930686767240
615969113760000
1097450640
839310714850608000
1989087462153792000
2701843599692160
499629684153600
346903375762944000
66096903600
22571037625606470
8072064000
3459655584000
36389695329187200
643780545408000
480536192822400
2134862125978982400
335885501952000
334464111481500
139745373768000
13320777728160
8769437762553468000
608940649917600
78053259546662400
620159379840
2210097180170880000
6258977524800
1840105593812566080
1840841930584800
372801687056304
9247381367994000
62225793027478080
10296594000
2250829575120
766662712200
84476078442756000
339637156405747200
62948303613795600
752851139040000
4922848394100
9754250688000
810425700
1580078876135760000
36561350203461720
657180569218773600
343102841675193600
22944120070872000
496340717600
901004084755014240
17857928088000
999716904648000
28760021745
68441012640
4467845926527984000
8914797286793798400
5913303492096000
82170279775584000
7669339132
19776193557120
326062667035468440
13688202528000
597305605150800
409650078998160000
105242722865280000
52828859160
363319339080297600
25398282868358400
77071690987200
50667913296000
1229107765600
27012298868755200
134303400
8690452989538320
8120476728
1922030880000
1341486790450329600
1090304585767837440
270852451507277640
6583439570400
75715596233877600
985278214720800
32236381174868640
14420867630400
5752556202104712000
25521824328000
344161801063080000
114558688462176
281004570
24118123989960000
31724349774163200
47688108798330000
194810616
73620647100
617109200400
756756000
10869084626400
177727449715200
208864656000
41206510144800
426786360
283652640943439040
121433910998400
68923264410
3754492375233600
460929268800
506679132960
21364272741651840
94915875600
589024800
4079321865912150
9195930004060800
75173373475200
8697363206628096000
2992131567000576
7560970029508896000
3169731549600
48280294386324
418461120
80146381258944000
5085024
22562971200
816106589225928000
475682291884800
8758028575296000
24690120
5094104400
5203550636444160
141298100143200
8812762505931384000
22585534171200
686344950018000
181704600
1881046281114000
667866432132900
2168219346697404000
30924210240
1321771651200
6602249397744000
26757128918520000
7981459200
95548245
2770492191667200
943814071200
2817266735162880000
2124694000
3399037475803200
10719166217760
6246600360000
300214986465794400
4172575042658880
2825552813795712000
366831606141000
221009718017088000
757643150880
5324115046279629600
467187303206303680
31783168216800
6106390953062400
2274355958074200
15020132400
12403187596800
32522191477776000
669027938971392000
6041280
13137042862944000
122783176676160000
17348252922000
46460273539680
2524537638000
8157689941927680000
1514311924677552000
1132947129600
942870257128800
779505578893641600
9500400
170312313600
355971484028160
2373808082405760000
2723038425993600
3346671352226400
1113840
218045520
2745379800072
6184134356400000
4257807840
213759000
83160
58468179369600
58896517680
25029949168224000
62674920
27256837608000
3876127069815000
366029072640
207023915578075200
1086332390589600
35356030965984960
18884829600
1109177898820992000
202112640600
168725700
12627385848
1397046816285120
4911680560885956000
585214398568800
5266929587119200
1675442222447994000
50115582316800
28314422136000
51159003386400
7227397822324680000
50177095422854400
1520037398880
521063923380
98456967882000
52685950193997120
2783060137827988200
15945867100800
44618574000
678499070442473280
22487761296000
170978946685747200
97251084000
4450169308267800
824833094128243200
138816257580
95127410072494800
842842728000
67042241760
13217716512000
161388480
1154482643787264
3032474610765600
194580
951484123440
2457315259590391200
14307150
240439143776832000
111908095313414400
229696418952000
45298766701188000
235358200
505149883213248000
43568614815897600
1601785039564469760
34545420
3433875845400
947184505787520000
4662837304725600000
26029666072872000
7268184
194779200
2125943820
7537540553051909400
604877602360711680
10178348544000
91878567580800
1467166532832
2341597786399872000
2354627344829760000
42358375515456000
17210021400
141729588000
719277659100
160160
1332239229921600
93027049675560000
17261778553588800
14172958800
2520323343169632000
1098151920028800
2506375872000
37479602160
7709224343812992000
1355137091685877500
1547707862290590000
1423891233307342800
1385930505960000
308261853900
792467707531500
7800447625944573600
4415283033274713600
7715275540315200
949080717585
290594304000
6603687682020
382244157168793920
229365352377907200
1712652392509531200
4405905504
7572409416000
82763370036547200
86529643200
2486484000
487712534400
200011477588322400
60133754266185600
123268836731040
20160075
9350130049860600
8930596768853760000
7815958850700
482631511576760
240171989172635520
4417686000
4923689695575
22982965471065600
3312929119500
3560712123608640
3002149864657944000
28158588057600
57542212728000
11274244568235
76289447520
18171225072000
77842250640000
13613600
924738136799400
158007887613576000
157145042854800
11062302451200
5103492036502860
8330974205400
3796297200
382822474320
1053719003879942400
444812860800
10721601586080
3002048444102400
286706690472384000
712034843520
2054256994389600000
2777499194513472000
2680239875040
33357220718421600
8416664225798400
63606090240
50886591275520000
1501796950093440
12028662288528480
3441501743680
320415679584
12759640231800
39243789080496000
31504041789620400
71214242472172800
3106671781761475200
2032698075408000
2691920
168302509200
12493200720
31433553366415200
37168218831744000
2710264100544
14865071621400
296429580720
12472186070023680
1592814947068800
646646
2373143226854400
16847081170920000
1766835840
24164860510670880
151357484944859424
2846892787200
225520120425600
35553772800
381504870386640
75107730297600
167204113876800
4823624797992000
19428488769690000
82820430
39303386372250
42918703027200
26062101625145040
4266068841619200
1288508760
42876117123840
355655300
26334647935596000
324793991205684000
16078749326640000
1068618416785920
4009605318678960000
137839755034800
938591384640
4878475380979200
12602491888896000
6681528251798400
9566733633256800
36980201412000
42811406269632000
60294539705400
143062343424000
162797336932230000
84660942894528000
18119506680475200
527973526080000
7523930937600
1892264157117734400
134687863695840
5079656573671680
194594400
34871760
7421576162832000
5431826400
220468248000
4909720798382400
3436804558867680000
4139327843695044000
4039256181539779200
57120
4638100767300
5443898421246405120
3624450412055054400
3603807900
590842763469000
1235520
295845747536813760
40392602208000
156748561200
1799020903680
880395854738400
1246721486250240
1883701875863808000
493021678653504000
210344706000
6039604566450
100912600492704000
38551673160000
470177968221561600
136998242488800
29193428584320
156436600320000
3706357857602400
228005609832000
978217616376000
1370052684000
12576919254900
22100
22368101223378240
32992601747365260
33722305507390500
3558502886400
212048928000
2956662745496460000
869500445427915840
38718202619596500
123236799840
210670066252800
701618152435200
195054
19559304765000
360401633902005696
1262715391642320
826081027200
4804800
6856762036564440000
30236051033760
68482687072800
297686558961792000
5685889895185500
1962189454024800
195757380
61686235671984000
108409582390309200
2853822302174844000
708641435357856000
542640
6300808357924080000
1627304266636963200
655527600
2656500
2122570782569952000
942666393289420800
11572913310472800
4220617779378000
3695814682560
203269807540800
594602864856000
274450176000
270387829071360000
674901843616
6495879824113680000
4648590733800
105973575107400
2100415314816000
10033923344445000
67980749516064000
25688487825
5239125931611686400
1352934198000
130460448099421440
45276909317640
714589446529838880
1676511837000
16932188578905600
916847038032045120
84819571200
43743700
6075779487998220000
236280313422153000
222234975098136000
47960612277177600
12697776
10090080
1144341712800
5896800
2877636736630656000
506856470656536000
57817229293824000
1387290437769600
172649522580480
2137172582825280
33006526375680
405421834673730600
1569751563219840000
640831359168000
97772875200
530068659120
28158692814252000
5045630024635200
14350100449885200
524924400
160009182070657920
361771859849400000
926693460000
8639520166071194400
300450150
54265778977410000
385461217190649600
3737503721952000
5822351252669952000
163011640
85589824713120
11495308187220
2208619413000
473739922526270400
9471845057875200
18009460
153992278440000
18457747951500
210026945264136000
83971375488000
8920673883555033600
56345334703257600
130705844447692800
2540824977600
567072752213167200
486748080
733296564000
1739380500
2695532987347200
994593600
335371697612582400
5024544975450
84755115244800
28109701620
187672040899200
2078041325592960
574241047380000
52216164000
117600
79105068517074600
6020305200
12733986639333960
13408851456000
1786504880160
19042226755200
18132120329400
1840516177500
3765952287377280
430680785535000
279736332291360
575968011071412960
