296281440
48263219550
5196703859290944000
3564343644541680
19358447308200
421354366969536000
20301191820
2339337556876320000
5393011606983000
1079412542208
22946695200
5298678755370000
1059582305173392000
120407080133340000
5771858732640
324632
137664720425232000
146611080
1032485403189240000
306857549898900
665016362010000
605563286328000
22550313649663800
501770954228544000
18039122640
8384292440314560000
339020460979200
279351072
1921375913381084160
1616254364350080
10501213109032800
97472398203180000
42389430042960
112438806480
24942060
74613
9390889117209600
8255176274800
229188960
345253276368000
2943522022183142400
2625519143520
230512724687044800
55683980352000
499564091235409200
12704124888000
751410451279706400
12376
8481957120
104190295636627200
47520
93437593048800
13973820733857600
11639628000
4106460758400
9554520792960
1346418727179926400
51915526432
7909764777893979000
293930
180504441117000
12341
967951464480
7885781416432920
12127606323175200
19241123385120
19407837508899840
168611527536952500
814506
7730167945500
490146916678848000
148875406680
200136562940160
74801040398884800
2070800763482880
222544507725540000
2933186256000
2096180606520000
3572131317007968000
7928038198080000
62527670805600
2052050488488000
3897527894468208000
36077582618352
14125852540800
5354228880
196981000655166000
3063665778190617600
5714613645380640
944241480
8328975454800
549972423000
2831442213600
4015206074880000
55847360625310800
19835652870
26411875642152000
545136752160000
128434218808896000
35215373913720
784573393203600
228826080
101262991466637000
247239060868800
232560
366871537890
216204912
168374511945319680
34885143628335000
7743640523919300
22054360805568000
42095823601104000
70550785745440
90810720
7315179982110000
78257409310080
325221914777760
5145940800
99145355400
340540200
5174159804618805000
301850007338880000
953762175966600
72076158000
1496523600
92036340
17539011660970800
2350070001581702400
80764759883808
72860346599040000
68183715600
277049219166720
854992152
9608263156800
35198235072000
4942365120000
6738832468368000
11912890651200
133223922992160
1376192114267443200
45894849000
76168907020800
45298766701188
49145677350273504
154069274579220000
67722529246291920
31853679764066160
7362064710000
335221286400
3996717689764800
20778691437504000
5766092640000
148419224553600
143341762063500
90011547970344000
1722723142140000
4165246800
1449167409046526400
15752880
3710480613840
23793262330622400
277872449400
941090095327200
26072766720000
143643534194160000
2323092157175790000
10789164886500
414414000
5722279590514687200
474007649068800
321132045780
372320493877332000
7823578204985400
132072147900
308104971894720
3219983391240
2558160
65044382955552
2083057974082800
34695403142400
6880394829038290560
205497363733200
4725606268443060000
2436174140400
1348252901745750
991185987061670400
1470171918600
99250271120
126291267438336000
5163656457960000
8101039317330960000
7069997949670656000
3547995294595752000
447678
175619833979990400
1064823009255925920
96376119840000
474467051520
289901019189600
11468267618895360
165701900644600320
13207214790
28078468618200
177001729295529600
1424284849443456000
3092421024
4635635004000
919593000406080
2755171654692256800
938623093808400
377348994
775199224800
3247943160
447720
74160725839200
7629706120686249600
1932763140
1235591280000
83805321600
235430875680
223592598028800
72731446395753600
43305865494091200
2133455760942105600
1391985052458
849759368950800
706388203448928000
1406034593964000
14190
3496948638647864400
34576908703056720
3113510400
364808975731200
2375100
80453108736000
22262883683040
42181425
693908062848000
425363738800
80929463709600
33305980748040000
7078605534000
71239086094176000
40347120
48645
196882644816000
177857748432000
25188105440440800
43020225132885000
103544563953600
22969641895200
932073191125876800
88962572160000
9369900540
8597496600
320229318896847360
14918904000
140876957760
1064026179216000
443874305663712000
30817209182760
4251881614780800
3262623
15612931414080000
159204917065194000
7039647014400
1213941955644000
78292369275120
8489324426222640000
670059968760
4120651014480
1682120239800
3035847774960000
258182822898000
7937766001620
167051941056000
15873926792724000
9292054707936000
593285806713600
741015475200
29683844910720000
2948740641016410240
133024320
2701229886875520
10729675756800
322127190
1655731137478017600
1294871419353600
34668656115309216
14280
64530097632000
5846291841702312000
6064949221531200000
217375111356978960
14747402843933760
6113193886800
184836547703808000
17120671768200
50734618705330560
1929449919196800000
407170400
26097456425040
674412197580
67596957267840000
6654115717337088000
1125498074500800
14612237640
4233047144726400
669621798598200
321570878428800
99228852987264000
2319050383650000
1364220
16351578783540000
178650488016
308756448
1016747424
80143971855948000
285637306229074800
83842924403145600
31470753600
51061096303176960
2457283867513675200
815817061389395520
210251573013081600
4871909868085260000
1755225185421708000
13860
2523781260
742096122768000
54115659520650
1582101370341492000
813960
21620491200
12381662898324720
73645811975736000
2126818694000
54486432000
1880247600
1794260160
9177648028348800
68475233146320000
117731367241488000
21235816602000
301140455616000
2748731912160
2672611300719360
4385113452720000
206290789848000
232841136047520
4593928379040000
891012021372480
1076882092650
3910915008000
2338727174784000
1536751497913632
2143833243552000
52723332023281920
4589484900
75075
119071043900265600
1765970508622320000
356761718913600
22691986883280
1594455605542800
3852505238400
127777118700
345454200
32639861133079200
657036165665880000
3623901336095040
3385768921920
2784199017600
241401471931620
36054018000
1023460181133390000
652600913684148000
881583690415428000
16060678872638400
13430340
10601373182400
157370759034489000
20193091776000
54371520
4255091358598080
6765603612768000
8869955238144000
60801495955200
94448597443200
86040130176000
8400970487226240
33721838092800
3423244440
1907426530171562400
574241047380
10943533394233440
9004845744236160
48169806867000
108264663735228000
174053880
580773039293947500
3601639849167360000
659002960
147470948625
51374340933300
836020569384000
266205752313981480
43904958494997600
330702372000
118616762880
4948998564769459200
7919602891200
73390982176512000
1558401857812800000
15890700
468358862400
4190266080
281374518625200
6195060525343536000
109620
4536582017705337600
44464437108000
94417707661200
68257885208713200
80057329724211840
758961943740000
74826180
977728752000
29059430400
2203079845428000
535958310888000
131282408400
5969200033218240
1290074030444679480
23612149360800
181948476645936000
32621820531300
1296166290772953600
226014481477356000
897639470100172800
1395360
11946112103016000
12217590
1458620287778253600
87006219300
28501200
777557592504000
1239703920
907081531012800
17013360
3335609382336
20918386189471680
7405310404800
7332965640000
8014638125894400
4345552411200
20539466640
2668577657473728000
672672000
22012024650
39542499017461440
7534800
20809356566544000
5421156741000
131055139600729344
3341520
23843723904000
24311068981879680
79510298868000
250797697920
77950557889364160
320575887423792000
33754330488879000
252378126000
166529903740200
280911840300
23737172262804000
12196188452448000
2497820456177046000
24374233468974480
1378397550348000
2338519075200
11762150400
16257084480
342008414748000
30943618477200
489083725685016000
961015440
216313014456000
1093966309800
28843214400
32479431600
624660036000
16052105160
344362200
1404958671839923200
16720411387680
105885780
164745504000
5200300
74851216535375280
990533031865977600
369582843187057500
175991175360000
2165293274704560
938004765024600
396915411949056000
99737718900019200
929233405900800
72227320401940704
1325305800
180568301004851760
43609104000
1711694288304
48283915680
187583012416800
605682000
3859455600
838053216000
17785774843200
593452020601440
1879016862602880
36255606315786000
4446092851200
6107086800
475637050362474000
291117562633497600
23700382453440
424054927296000
9734961600
1715313600
1843425355491720000
4806961366871664000
36466603472819520
486062359039857600
65406315134160000
1676106432
3322412877717133200
110544
58004146200
12329841823992000
423259200
185033226378000
4216455243000
1100438382791286000
100965458880
1035636879028752000
25975516569912000
336935434694704560
219012055221960000
8327641815717840000
11554258485616
14815665006542400
217945728000
170544
83674633208400
8734085860500
5047562520000
548354040
3472905447091080
4092408381600
273900932585280000
12026750853237120
1370461918736710800
597436881107976000
7644883143375878400
8122425444
1942884166204800
8066262204000
153130945968000
1536187796243100000
131257302769320
2654477075250
89413964640
20621840711472000
546896235600
326764611119232000
2066173200
411806970010800
1500683270486400
89625135600
1204561822464000
1006880
907679475331200
3269874051722678400
19297278000
344532988800
99098657263148400
112438806480000
2233894425012432000
38278920695400
408017940954624000
1376975055456000
112249674630213120
15142687560000
42678636
620746642109880
1035759829104000
693930116880000
2323013676984
264669268500
5302759040092800
7020900741686832000
267154604196480000
13800
3685925801270512800
2421619200
7763631876000
567567000
62701542703800
19769460480
29625478066800
2508854771142720
9842242157748000
23030280
2994390157255200
2968384491072000
65214507758400
136136
107891648865000
84987760
1720809005315400
47861426340
2824298400
158002549689600
106136611376796000
10173463210310400
49526651593298880
1164544781400
337316419440000
2803123819237822080
158392057824000
822208772385000
4857356439936000
84413433964860000
1474740284393376000
75582
46942331436000
11162910365649900
624487139025750
179902090368000
197761935571200
165381421645440000
1955930476500
258408471321000
6049696653000
770654634750
463563500400
43589145600
6194912419135440000
135161725508409600
115078523690592000
73316892771922800
418142461857120
2894174878795200000
55367594100
1841747650142400
12392775499104000
555236555190240
243614301840
382275587296512000
204773655626139600
1712304
843627304520
1467166532832000
2917328277825561600
48620
92035125
192538070524800
1884960
190422267552000
133482086630372480
62179167012690
54211567410000
53595831088800
703967320356300
450242287211808000
11534964465024000
2928337433198100
5594589000
2275262840290440
965670818112000
60398355601584000
51350828649120
22425022331712000
16078543921440
320495078904
15643660032000
7428997738994832000
787655743056000
78235782049854000
135751
5697720
764489397672000
4130925166368000
27828604603800
46225898052627150
5506588817009280
517722819768000
75600
5402907446541696000
2287084800
566544888
1990461039840
1976946048000
124036066234080000
225102490572960000
427220906112000
3348973788320160000
129729600
95903687880000
1448517470400
4366763439502464000
13485
20982767871265200
225792840
890515347321600
7666627122000
434967489192075840
77977918562544000
617795640
42501868849440000
15185291481360
714093265572687000
13766472042523200
1546638053360400
85348125872568000
688400856000
64188535811400
5928591614400
3953892096
80499584781000
7293320694563904000
331514577025632000
975357330948000
13028891990400
2824464215532960
1232984182399200
20862875213294400
1740124386000
8245512475200000
1702701000
18952966317285000
1252677908401920
965605887726480
5508719477275014000
3259095840
29683844910720
9302704967556000
2678029526390400
145862028777825360
60071878003737600
4093840724533560000
85037632295616
2394437760
199943380929600
1491890400
2374707592857600
316066023000
100391791500
63272047839
720352264647015
404937963061632000
4624301459232000
4047797033280000
363657231978768000
128230354969516800
6432426000
12108096
4681715188550400
534880962000
95675202604800
524045151630000
5137957177528593600
336413862814372200
292825
751616304549
11922027199582500
41716581947040
19312117754529600
12666978324000
68634495001800
5481847674946843200
20036595314736000
166474852532352000
8535727200
2389747524431904000
547213463596800
1141768261673020800
5341068185412960
225102490572960
2811203935870176000
8799558768000
194876394723410400
2196606720
156057172951680000
30116520
13140723313317600
35814240
1902850950
261018657900
353430
103575982910400
18651349218902400
378452831423546880
338935705863955200
335388897043200
871782912000
86616902609677440
1965852207672312960
610755600
2039028539875600
66775361005085040
35343526932000
126406310090860800
3525105002372553600
826185033273600
1892835945000
1690695310554280800
864913896000
34936343442000
23459005112400
206719793280
8436285
177752868400800
106661318400
17503460956800
4756822918848000
31322238948000
1267098369264
3194469027767777760
6827209558541856000
727314463957536
1626109573888800
6583661983899000
35765585856000
604656
37169336236032000
15180
5814190604722500
6372062254639065600
13801594371871680
3630717901324800
4454317593677952000
422590010274432000
30113772886197000
150167347459169040
1716099
99557729013600
35838336309048000
67445820
5135082864912000
138600
6238233485003520000
147633632366220000
7298357146080
1124388064800
60556328632800
53012232000
1799020903680000
306806988430800
14731679569160400
75900
92583306483782400
3081385491584400000
68906597760
1575202089481020000
10523406996582480
1960358400
600034432764967200
773016794550000
148650716214000
558837279000
44019792736920000
4419503870748120
141618391200
346311523958400
151528630176
351982350720
14617044842400
111028818700800
612523783872000
450646381785600
167038206294960
15697515632198400
7908035520
106178932546887200
151219400590177920
15120
758118652691400
3304429128000
109591782300
27977023828353600
1786119353770752000
34321980
576609264000
2232649192213440000
938829384598248000
33838565894733600
7691138186994662400
5238861866700
15651481862016000
310855820315040000
2299988136600
2104166056449600
86825246363856000
6661196149608000
16882686792972000
27539501109120000
3667916332080
14385553182000
1786933597680
309819387477600
322999677
4108066291929600
12311475068512620
37067738400
38576377701576000
647647525324800
1479065035960512000
1023868278130698000
18329223192980700
8932524400800
95568896824128000
291136195350
425184861214713600
12121907732625600
98194415967648000
509359465573358400
3304845180
1058677074000
889928710070400
6724520
53430920839296000
5905399500
1257079824000
95344200
2061378118800000
133340985058881600
98895624347520
8326896754176000
197667345605184000
109169085987561600
1971101164032000
368349530028480
51386370296976000
3788215754400
2974571600
122772251448000
1455587813167488000
890870433573120
60570750240000
40339726820232840
160207839792000
26466926850
136950466292640
227544992438400
129722947200
10138861821128040
7423497847154188800
202164974051040000
30885920908920
16303626939600
235350720
82598832255139200
428878552093992000
847504
28062418657553280
9451868916672000
192345532454275200
124403620
4143039316416000
102004485238656000
1256640
1490752212958296288
53569743887856
1493419032659473920
15015
780285864758400
890488576177200
163459296000
58288277279232000
1303638336000
361365274634364000
229441200708720000
1767176346600
29871844055398800
1035706713215328000
126126000
45053908502803200
29262752064000
10487862000
238974752443190400
2115800856997027200
2496144
80392719607200
8334973073018592000
1439677167157756800
124106831292444000
4878493530069159000
