6602968910538000 6781773629030400 
1636014380 31492800000 
6690279389713920 118632936017756160 
11265402023475600 7811296534934323200 
175564706859360 380420285792256000 
446784592652798400 179659369612800000 
3881567501779968000 520370707304448000 
560625558292800 521460301824000 
12330474156000 19313344512000 
415882232333568000 58688425635840000 
4721207400 535754220503040 
35077786128000 965446501662720 
877022690544000 274611617280000 
575757 4174708211712 
12528895579200 15131660544000 
1257326848008000 7364185285459968000 
586900470822019200 391984079155200000 
206208273532060800 80663390438400000 
210710682000 1246846185897984000 
17865277029600 98018424000000 
60109785944208000 3185307433269561600 
1204550915447880 454988605874503680 
1113024 1240171806720 
241359326208000 58416050597224320 
7247802672190080000 2458511502999552000 
588656836207440000 330394099875840000 
4302505350 89579520000 
87340858605 1343692800000 
94140288 2508226560 
731749308249960 24471373086720000 
55440 302400 
44201943603417600 10559470521600000 
231567336000 1833241410000 
25992639520848000 5335311421440000 
103893457187520 191043052200000 
23121507296160 55553299200000 
1766895530400 2101619520000 
233013003795 22543424343244800 
3255840 69672960 
1488432794808960000 701280836015760000 
23940589032360000 72904298987520000 
750512111025600 28200344223744000 
3047466240 228447098880 
330395329020556800 196056851760000000 
1715514208375968000 176065276907520000 
9810947270124000 11566547435520000 
1017748605663709920 9153863126876160000 
5963008851833185152 6371296778649600000 
2852994157104 4755253572403200 
10597357510740000 2471504555520000 
101922225077673000 212106874768588800 
441708960 21743271936000 
8507274776000 9505786752000 
8888443200 20756736000 
153385592068800 1430291113574400 
4134535541136000 1167099373440000 
240814160266680000 400677935667609600 
1670382062949600 184926527815680000 
131993381520000 4100081078293200 
217434080165702400 216309458534400000 
1028160 123002880 
8717940 4058744094720 
44105095057937760 468095273533440000 
11543717465280 35756721000000 
782185911507000 3857868000000000 
2594450500321680000 708864121405440000 
3113340600386016000 497962399334400000 
42264944401680 146246337602519040 
514005972480 560431872000 
2064970806378480000 656493397560000000 
2675712891852000 1422749712384000 
470925468965952000 109551727853568000 
613715099797800 1066623344640000 
56517076816200 30467987000524800 
422480982924000 12281316035788800 
52035506364441600 485631901827072000 
20825 7599824371187712 
355194189670320000 524810378021529600 
1201200 7257600 
396903479667552000 496628858880000000 
148363005150360000 207982702287360000 
7362064710 29393280000 
40602383640 1315033086689280 
23279256 130636800 
3272028760000 4752893376000 
2522520 9979200 
82618503327360000 84100316332032000 
5662345837648500 23597395476480000 
408408 6220800 
2104098963720 131621703842267136 
11275078924909800 1392291280532275200 
4182058167755832000 2252708503879680000 
560624763847564416 1907054818099200000 
37856718900 936404582400 
7575968400 2770135983297921024 
750836737295845200 3398024948613120000 
49055369220 15028949562163200 
63094531500 1300561920000 
14086333675814400 8045310873600000 
62699424480 57076088832000 
434845125 1139973655678156800 
1922970473424000 5786145581432832000 
15106833225792000 12319499630592000 
110351160048729600 1942527607308288000 
62588625639883200 219419659468800000 
57689114202720 736418528545996800 
567258276243859200 2293471841661000000 
262510193088000 907670610000000 
8848441706360256000 1565024683622400000 
20123333822592000 13323034806681600 
1239277549910400 2276399539814400 
627213692785680 11018538949017600 
7106098837894056000 1204573297213440000 
120763950753877200 1872381094133760000 
7217289573622128000 1048624075699200000 
446706645840 3206175906594816000 
54358520041425600 86770994223513600 
257040 12902400 
44334424134000 341319470284800 
1911220785843969600 4568455764246528000 
485721041551200 3250661621760000 
81691152779808000 31685955840000000 
300300 2419200 
5317936260 692533995824480256 
410806629192960000 2856459866996736000 
31426995600 61751289600 
503057546418873600 263989277798400000 
5030833455648000 1905468364800000 
8204716800 913788395520 
90129276357120000 534237247556812800 
7063882034489280000 2417884094545920000 
1257708363912000 640237370572800 
1427046875654400 1126611763200000 
7585788398379840 183666009600000000 
4586929886025527040 5606741165211648000 
210468139931649600 5801213668884480000 
189368906734800 1316217038422671360 
51193413906534900 884700066978201600 
73085224212000 47948060160000 
267711444000 431101440000 
1035636879028752 198135565516800000 
11062608080970600 204073344000000000 
6377822422171200 761775532277760000 
2325676241889000 1802138738400000 
8098822123392 13314710002728960 
959036878800 4096770048000 
1108176102180 3505953353861431296 
1381816800 773867207393280 
101234490765408000 88377864486912000 
7795757249280000 13250180047104000 
1091690859875616000 126713646259200000 
3500640 39191040 
1393855294305474000 525930284880000000 
5240182775196600 27153182859264000 
6504633841305600 45487119161484000 
1433415589382977200 3263182688747520000 
500718201984000 781117489152000 
924415647475320000 360281724042240000 
88158369041542800 103238605209600000 
155272637520 2015539200000 
6938872022160 1504591950643200 
533363940235526400 1285496210718720000 
271591320 5832000000 
2222979595200 185752092672000 
1262738584800 467567319711744000 
192944991919680 189145756800000 
2782860460380000 1986847742880000 
2657426009238 9784472371200000 
1009815055200 18284971622400 
3151696010482656000 2102527936954368000 
790669382420736000 2402316954359562240 
13547570400 1911029760000 
5608742297052094200 5237882496000000000 
8673850785600 12454041600000 
2730539909260800 4364902080000000 
3155170590 131220000000 
3843305262720 408094035148800 
2025259829332740000 746883244800000000 
1553455318543128000 6611123369410560000 
645122400 412782428160 
2682418939200 34432934215680 
413932784369504400 765380131084800000 
371048061384 3267280800000 
1676858488062912000 813086975619072000 
3526334761661712000 760462940160000000 
53721360 696729600 
3416971521600 9078996326400 
1659295483560 678063935324160 
12893126400 1827576791040 
2119362811301736000 2916548208000000000 
75675600 302702400 
35406640372950 1763193692160000 
23621598000 265686220800 
22449291836400 6770663777894400 
216444702474000 1749854466360000 
41762985264000 19615115520000 
205931880000 625895424000 
241419578400 35716948033536000 
102268996143600 28436787867156480 
3755386514880000 6955665260544000 
8625996482419800 802449040343040000 
8185320 2600828784806461440 
629483036137956000 104538758163840000 
129529505064960 536622235269120 
1467104760 17612050268160 
42135436696953600 27038682316800000 
220395922603857000 230443315200000000 
9354139552517760 527383060807680000 
132697402656 951050714480640 
8259883225513920 57868020000000000 
236337105387600 1369513028852121600 
162954792000 254270016000 
14002560 107775360 
20960731100786400 45255304765440000 
360775826183520 359497170073681920 
419514480 24936923717959680 
4927752910080000 194583787524126000 
30474662400 685341296640 
185524030692000 155831195520000 
51572697462000 176359680000000 
146122376400 45457933860864000 
497105701933800960 3672846316339200000 
4229820736841700 54419558400000000 
1847907341280000 34971279785442000 
1556878050 348285173760 
450057739851720000 339492384000000000 
21162960 145152000 
1372879200 18966528000 
15639336741600 3082108796928000 
5130216000 6423702405120 
3697662589901280000 712412277857280000 
1569146786407200 64724284735488000 
9265894644006000 5214603018240000 
582854663090700000 261670544815680000 
42375200 33249231623946240 
823350528000 40759067349000 
989778052420957800 888852787200000000 
39640190990400 146313216000000 
350343565 84537841287168 
1126540202347560 1656941689228492800 
1560089525188914720 1854081073152000000 
11044215 67947724800 
19379980620 967334009241600 
7351453601856000 3422083230720000 
5618058226260480000 7092460010668032000 
16570190064460032 565053279436800000 
3885697753938000 4158781704000000 
15487281047838600 23643219600000000 
11127225386277000 21868003745280000 
8237275200 45984153600 
1294325145473560200 1047576499200000000 
3438179830800 50388480000000 
61627709831688000 18699743462400000 
111694721250621600 1807315851112611840 
1578593385041400 9751984865280000 
6497400 325103598100807680 
132660673910622000 421382062080000000 
4433442413400 97519848652800 
32189027270400 433599912345600 
39671305740 28211099074560 
8835488640 1122623362191851520 
50597462916000 26153487360000 
1090273504320000 157727187373916160 
46817151885504000 25776877142016000 
21420 386547056640 
590303734020000 1325333560320000 
790020 206438400 
11131441841520000 6071695549920000 
27113264640 650935177052160 
12454385680800 835884417024000 
1354450584925838400 7820116663468032000 
256868437617792000 99118229962752000 
270270 2177280 
132237553562314200 148142131200000000 
4017730791589200 6847565144260608000 
4039260220800 81629337600000 
3776898216827736000 522693790819200000 
1281856364499110400 242867821996800000 
4547115876879576000 1734982115328000000 
441080640 1257379200 
3936896863099200 7964120973312000 
2080119366918552960 1735419884470272000 
882113170109371200 889223142528000000 
623342003324040 8707129344000000 
54190281600 2675441664000 
34424376386400 163870801920000 
103893457187520000 116880139335960000 
11835850046042880 642105999360000000 
5150813768100 300022363481702400 
1115046564952320 9182115790848000 
5430040 222651104624640 
13155340358160000 7227370934784000 
98160862800 240045120000 
1753889306400 175535727575040 
5478018651705600000 8957121711842304000 
265182525 626913312768 
136526995463040 17714700000000000 
3344082277536000 2703868231680000 
3902794824055327200 857818039478400000 
32490799401060000 7249746696192000 
650443829555520 17139949476249600 
733625588527524000 246389992611840000 
1116672674526208800 1163973888000000000 
1969110 41990400 
472112277103467000 257705839591200000 
17383860 17414258688 
46609192309680000 489717476927078400 
5155206838301520000 622819147991040000 
2473653742560 2223046425600 
120751678080 42081058774056960 
30285375120 1275293859840 
292168800 5435817984000 
287116855740 7890198520135680 
72273054926872800 1327050100467302400 
3455808066428477760 2208159055872000000 
78142721727470400 87370355872800000 
849877600 22574039040 
884825691750 6320730931200 
23825781302400 6348129435648000 
531485201847600 261027979591680000 
2324444850 3103261618234982400 
6367712347709856000 4304116776960000000 
234654900480000 6276896371746000 
3413758188932 182601737180282880 
90597533402376 2427160677580800 
151944181136748000 143169910884000000 
10900139153904000 4903778880000000 
77658422965200 3600268361780428800 
144152316000 287400960000 
1217566350 923378661099307008 
63562800 55415386039910400 
222768 7464960 
1144455918102937440 609753012019200000 
10390206627964800 147450011163033600 
481563154800 13542676129382400 
199362240 2325322137600 
1665299037402000 3780710640000000 
46539467187759000 351071455150080000 
2973014324280000 4556518686720000 
433629219703680 12242821054464000 
214885440 7380172800 
148156650065424000 3102037864611840000 
523783260 1905120000 
4796061227717760000 1385930505960000000 
1945837875241260000 451095349985280000 
26753508600 608811614208000 
105747832580544000 45758141485056000 
3562650 20384317440 
5133075948000 18911332440000 
515344529700 1369146240000 
37162679053500 64377815040000 
336941623418400 1015831756800000 
330048297602100 8182428094955520000 
10685862914126400 16686729658368000 
32430736800 83711596953600 
5240451516300 10760291942400 
40864824000 14944991361300 
1111055400 4470681600 
51373687523558400 32181243494400000 
180023095940688000 73612812607488000 
169951873790160000 151001866900684800 
841392966470 1752976676930715648 
3445446284280000 1650611971008000 
110021754585600 352719360000000 
8330493600 1926317998080 
302702400 908107200 
2756930576400 6093597400104960 
410891126800 162312655271362560 
7923562692645600000 7162118100058521600 
63707359528132320 381410963619840000 
108271128262096800 1747555687858176000 
18265297050 13915694039040000 
3011404556160 7151344200000 
86050107000 395045683200 
132429867570 986274815016960 
676509409489914000 2073515781980160000 
11532185280000 23053814784000 
46770697762588800 4512055075799040000 
152807839672007520 132735349555200000 
186486300 32699842560 
299304720 1077753600 
296838449107200 175991175360000 
7656547298400 10592162380800 
3358285616070 34237825721303040 
7726160 5804752896 
6669139276800 336941623418400 
84778860085920 129624364800000 
4375169884800 13471920000000 
997920 7207200 
3294455760086400 14302911135744000 
1654052400 3632428800 
2810153174400 28092137472000 
556789699209744000 204875958583296000 
9740530800 1538964435165511680 
1552726375200 3950456832000 
117051008256000 40703790290042880 
894921112800 4898880000000 
15021546059520000 39475658686464000 
274850415840000 276900047424000 
135664447443525000 1000916754757920000 
179071200 2709504000 
9740011611330000 218373883517790000 
284294494759275000 379045398251520000 
8476605280 105672301608960 
8648196480 145100101386240 
917764802834880000 965431467000000000 
856033588410 31310311587840000 
4818265214883120000 2526989832791424000 
654865695133650 246568703754240000 
216821934669740400 64876994582400000 
5415133233510000 1412288317440000 
31294887624000 191182602240000 
3842751826762168320 1016673231974400000 
3232508728700160 119000220649390080 
1135701567000 14878428364800 
15084504396000 2808571641200640 
288374111625600 273392774361907200 
924314915684160 15711620353228800 
1020044852386560000 2846482834638643200 
32482321872000 18307441152000 
4155738287500800 5081745188520000 
667121876467200 53959100203008000 
41483862018318720 524386566144000000 
4602044961683769600 3888730944000000000 
5776142115744000 2281388820480000 
5524379838435150 6470949061326274560 
361767238232400 7746410746006732800 
109212616333941120 1123685498880000000 
2503591009920000 4426332438528000 
1678057920 91435386965852160 
41951448000 457176934829260800 
336504168000 6676217856000 
845261746560 116891829927936000 
155937600 487655397151211520 
332560800 1371686400 
955899009772761600 5120728244819066880 
6566120036540064 1188813393100800000 
8463203427988108800 1707299654860800000 
36298179918000 150117385017600 
690506552736000 3289638223872000 
286514699385014100 395045683200000000 
3783780 19051200 
27471006763200 954616611078144000 
12350257920 33081048000 
103819547832000 221225582592000 
48870360 667953313873920 
118979261826480 128391846454886400 
410646075840 1021620600000 
10805283969705225 862990463139840000 
361008882234000 217275125760000 
8339023455840 998831554560000 
3800093497200 154793410560000 
6552756980036467200 8109750613966848000 
610470 103219200 
28683369000 131681894400 
231310038960 29964946636800 
38482246770240 4160846875852800 
3286811191023360000 3213770942333952000 
18475600 352719360 
16872415127568000 21630945853440000 
16963914240 162733794263040 
208380591273254400 167694448521600000 
141365952000 15259926528000 
19078674572881440 4333224817852416000 
408336826588479360 8989483991040000000 
4770617932080000 4530012853766400 
23279256000 36324288000 
3375433048887900 10581580800000000 
84651840 435456000 
2692837454359852800 1138199769907200000 
597500904 11664000000 
166971627622800 450352155052800 
31848402643200 196644962304000 
146512800 3690086400 
2275736519513952000 2099914709760000000 
62355150 1049760000 
328426071573600 21574761578496000 
5348274388520263200 1216740704256000000 
176749948741766400 53775593625600000 
7144262634015936000 4248935792640000000 
82251 2783138807808 
989461497024000 492775291008000 
12289502369944800 14163119308800000 
1756950 126663739519795200 
884844170636025600 284549942476800000 
8962513560 22861440000 
4134123435103200 84717930520903680 
158960362661100 201637900800000 
388297543642068060 678829571481600000 
72155165236704 462210647237591040 
28251705081600 21765015207936000 
2690688000 160243083000 
26464838400 83805321600 
88048098600 38963943309312000 
730842905520 54170704517529600 
4052180584906272000 2863442809375948800 
1128243920840400 106288200000000000 
21684626964000 17435658240000 
25945920 465585120 
15460335891000 25971865920000 
846321189120 58773123072000 
8641108605153024000 739474163011584000 
297750813360 4696546738176000 
39658142160 1607262661509120 
400273125880320 52725749341224960 
13366080 106444800 
5866372512000 11887123248000 
275675400 997920000 
445089015451080000 143988024660480000 
6474009360 598486169231032320 
765916444547654400 336097460160000000 
640550877120 94175546572800 
347103900 550376570880 
50376210880881600 82771476480000000 
3084035834880 7240779786240 
37063578576024000 13557967847424000 
1352025675 171992678400 
86040450265770000 137918781000000000 
52199439467175 52836150804480000 
481820366179152 151662868624834560 
7792009289064000 24118123989960000 
2641187564215200000 1234847948285952000 
1282303549695168000 618645051408384000 
24216192000 401567166000 
230872258794177000 5687357573431296000 
94948689051216000 3049845498752532480 
116926744406472 68491306598400000 
29480149757916000 180592312320000000 
1650562349436000 8157956721868800 
345148546512000 3857430387621888000 
587517500395425600 149777752924800000 
56397609824556000 816293376000000000 
161858927419200 1568850565201920 
5513590201392000 3086858750976000 
66611961496080000 38617258680000000 
11615068384920 1078738078924800 
81855451117440000 235713729259008000 
235717564282200 11848661611315200 
3959112209683831200 1866590853120000000 
1053388241156160 1171694480240148480 
57827509740000 1190274269184000 
56898750581712000 193089300332544000 
57433231264500 133327918080000 
803927196072 26091926323200000 
167256984742848000 176755728973824000 
56540656972800 45254873664000 
4506160809390240 6769790330276413440 
23403002472289440 115736040000000000 
28137811321620000 173235592169640000 
42007680 244944000 
10559153077200 520105859481600 
1417681880532918000 186422057902080000 
56756700 384199200 
6561494771832000 11946181459968000 
156584738550240 1022803511869440000 
274023292462920 1104627792818995200 
699003163230570 577763309046988800 
774364052391930000 468923855400000000 
23876160 774144000 
15016756025700 335923200000000 
44176860 158544691200 
93504111468768000 267396592062600000 
516365645796000 2203151892480000 
334103882112000 181019494656000 
487026540 2279947311356313600 
57936353263588800 8054577655971840000 
1368033658992000 3090135121920000 
19141368246000 15842977920000 
4719070356000 22574039040000 
2473653742560000 1161541757376000 
2339891954400 2404631929946112000 
801160227811944000 158947819430400000 
6163441836552 78275778969600000 
318536797640661600 889958915112960000 
212061161592000 1111269150351360 
4124165470641216000 432160225136640000 
2128052358432000 3982060486656000 
28094757600 1097224643590225920 
2266024983868800 3999837542400000 
22170720 279936000 
1011835695125455200 1826475312816000000 
1304290155168000 1022400175104000 
209827678712652000 38514279323520000 
31225862828160000 911860302005452800 
214524782084527200 2889476997120000000 
169961887789457400 8503056000000000000 
2589742838707200 13335229804216320 
4019687331660000 2162566486080000 
1601377192800 261598740480000 
427434516565056000 418360150720512000 
162792 9953280 
21165235723632000 1240815145844736000 
7939018530984340800 1794129232896000000 
51534452970000 67772738880000 
664411129200 3174474240000 
1360974605311601280 358825846579200000 
44508901545108000 10892927485440000 
40225345056 481469424205824 
2606243457141324000 898296848064000000 
522695735364552750 1334275796700000000 
473066039279433600 122188158892800000 
15905368710 135413275557888 
31747853585448000 666553590743040000 
1482030950400 23290895628000 
34249560622200 2821109907456000 
59367689821440000 46752055734384000 
74464098775466400 81663349824000000 
891479728679379840 1359659453644800000 
29640619008000 6678664321329000 
25989600 94997804639846400 
16995187379016000 21119142223872000 
535951464048 10228035118694400 
5294796939432000 3228087582720000 
1377448800 664984632478924800 
229211759508011280 237027409920000000 
66881645550720 367873228800000 
910106425800 22394880000000 
423543120 1298798110310400 
24024 466560 
17733769653600 162533081088000 
336019282348381632 2569494174105600000 
3858899838393600000 8285503210704720000 
15033542433109200 355459848339456000 
13938082061904000 25957135024128000 
8603754359200 1651129712640000 
158685222960 23509249228800 
5560160760000 62794200268800 
5595404765670720 3215477865600000 
3344641114815000 3580121825280000 
25022938786560 11753108212285440 
77138650050 56422198149120 
85680 5529600 
130504920 31310311587840 
44756712000 7628146606080 
3160080 1968046080 
62659396800 15256293212160 
2447989584980940000 1812310810390080000 
126426409200 748107711538790400 
8262112950 869730877440000 
23940 17694720 
129060195264000 225855341712000 
207785032914759300 6770663777894400000 
4956643692000 105947489894400 
891904297284000 585838116864000 
205837632 1871100000 
2486159296250916000 3950456832000000000 
4496388 25048249270272 
101469237410661120 288412611379200000 
703964701440000 27797683932018000 
1081080 4989600 
948015298137600 73230207418368000 
125531742912576 33286775006822400 
13589630010356400 42138206208000000 
542036524629600 25636676567040000 
1895261820157713150 7713972403200000000 
642264091560 11337408000000 
3776708306448000 5599772559360000 
15647156409970800 173780370299289600 
4019635980360 30684105356083200 
264144295800 85720675280486400 
12195821804166000 45321981788160000 
40217485223807892 7132880358604800000 
59550162672 3131031158784000 
272922714968904000 48907021363200000 
36340920 1857945600 
21259408073904 45660871065600000 
18661382220096000 11439535371264000 
39480480 119056493445120 
14624540081384688 4755253572403200000 
9428274924262656 3851755393646592000 
321658914070494000 181062604800000000 
90914307994692000 360433360620748800 
2354627344829760 5018543308800000 
428864063443200 449145272165990400 
555744898800 104021171896320 
7420961227680 8151170227200 
286635623788800 803435131699200 
1852482996 17832200896512 
489162050520 18786186952704000 
18504803116800 1927110721536000 
356898934959336000 201335822534246400 
11111748754906800 293656477040640000 
7936856928000 263171057909760 
1823330173640976000 711444326392800000 
9234890351767080 1624959306694656000 
58433760 1956894474240 
57649578940800 19785003407769600 
82179374315781600 1836660096000000000 
45661156834797504 178541140377600000 
52145533440000 8747189171721000 
222628836830400 152834441760000 
287287068388320000 480573236183040000 
934375930488000 811160469504000 
2920488480 145118822400 
51490181146060800 288174166560000000 
25241364720 306180000000 
5930838144000 317998361640960 
37144988694974160 168552824832000000 
22003219840140 2504824927027200000 
193135662720 666557621301411840 
750332049667200 3749386619820441600 
300204844410240 6121410527232000 
34514854651200 1909233222156288000 
2422728000 1271357767680 
3352212864000 9637611984000 
183783600 518918400 
3053103689750400 36862502790758400 
351239667959980800 490988136038400000 
2129646018511851840 3973030871040000000 
406427112000 16349921280000 
292314592085115600 127468073779200000 
5000983843811155200 1406011480473600000 
32676461111923200 16812956160000000 
33227040 380507258880 
4359832068963571200 1361849448960000000 
185058707015952000 109995532416000000 
5608233007146 233994140164030464 
57891834000 811620810000 
39500637422400 2563667656704000 
4166115948165600 3071173089652899840 
1764322560 3891888000 
86280065235 1408964021452800 
9330152832000 481777680384000 
37767083064480000 36958498891776000 
7683757489568160 554779583447040000 
3132223894800 5819869440000 
226919868832800 705438720000000 
119128906512 203843174400000 
28109701620000 24700515840000 
2649339377685000 1330810145280000 
516242701594620000 270320810760000000 
56156937236400 725594112000000 
250885477114272000 444873510066585600 
7373701421966880000 1394294718136320000 
2389523345489649600 980531603251200000 
14602442400 362797056000 
139675536 479001600 
137697505545600 360515764224000 
12471030 209952000 
87624075895836480 329129489203200000 
4695444558604800 2252687044608000 
796488739603128000 4358634269220000000 
68712603960000 106500018240000 
905975334023760 8899589151129600 
6480831453864768000 504186929326080000 
28680043392000 433297296432000 
219880332672000 1733189185728000 
102428726400 140107968000 
23760 201600 
579802038379200 1874693309910220800 
5819814000 13970880000 
1721884624966800 5751954721178910720 
495097895635200 823011840000000 
90252220558500 86910050304000 
1947792 782757789696 
84305763768476250 190610828100000000 
389600464453200000 1181788075508040000 
49319367295968000 213363676867461120 
74437703340 6262062317568000 
23751 2717908992 
713460 1187472557998080 
1693036800 6918912000 
1026025244244000 4078978360934400 
21720160 519519244124160 
472120740 104367705292800 
55898149507200 44834549760000 
290385439344000 782574093100800 
391287046550400000 942854917036032000 
18050444111700 37247164416000 
2812069187928000 5562243219456000 
116280 11059200 
4025465025129240 722204136308736000 
6000769864689600 26453952000000000 
1504203675975 20155392000000 
247796496765417600 112032486720000000 
35275392872720 4953389137920000 
45405360 194594400 
69153817406113440 2157476157849600000 
6227020800 304250263527210 
991493848554 46221064723759104 
1050963429035520 199802839608852480 
297295971789445200 6122200320000000000 
1725928767645264000 1051263968477184000 
748261800 3233260800 
231045684629760 296284262400000 
148321451678400 58598117867520000 
2323013676984000 7946061742080000 
2471182560000 6586804224000 
1939326973871086800 5805844189544448000 
66611961496080 231472080000000 
844732246176 208042343792640 
103902066279648000 334688120576409600 
4593928379040 33067440000000 
3729726000 190749081600 
167610643200 245188944000 
1998358844882400 1980372240000000 
10389345718752000 16169189236200000 
470861751360 1479412222525440 
7416072583920 10045391634432000 
3331590181920 167155316796948480 
86611730988182400 90128941056000000 
45005773985172000 34566497280000000 
140451455656512000 60974987673600000 
11896631165311200 15999350169600000 
470545047663600 3043362286338048000 
1822733846399466000 269276305858560000 
2106270222506049600 662010148800000000 
13036383360000 920756754918000 
1161546078587895000 707983075800000000 
62945138440800 822823723008000 
3902662977333120 21424936845312000 
186436769238720000 7294882416043622400 
115775100 38474110879137792 
154052485947360 2746786775040000 
13695046629264000 3112264995840000 
1041562197942552000 294226732800000000 
3788146174926960 1198323900245606400 
3440197414519145280 3470839768940544000 
102748681866600 3134566563840000 
56729967208200 1007769600000000 
11240182800 17144135056097280 
97147128798720000 369673095407616000 
87809916989995200 890325153349632000 
24091236449280000 5834375177537907000 
237233525760 10965460746240 
661404744000 6199345152000 
172080260352000 828136252944000 
712142424721728000 136005980318208000 
7495920432 32659200000 
1189792618264800 320979616137216000 
79272841727079000 201888827965440000 
17778798007850880 164807206502400000 
227317447445961600 316094336099942400 
3022020054900 846332972236800 
54081027000 1324343623680 
387599612400 6771338064691200 
966381570 24244231392460800 
9922885298726400 44475859890000000 
3814853060343124800 684416646144000000 
1148482094760 6613488000000 
21652932747045600 22122558259200000 
961727662271376000 409751917166592000 
1168675200 12683575296000 
744631475004144000 1720250130235392000 
15616500900 71124480000 
1365175144216884000 2646497448000000000 
2201202465 11132555231232000 
312570886909881600 567907313173200000 
40464731854800 383984404070400 
3539302767000 25824700661760 
35619543047088000 38935702536192000 
88928874216000 97773806592000 
51772281976800 2143016882012160000 
25433658025776000 4668397493760000 
432055430257651200 59316109332480000 
964409442539400 3527193600000000 
221937152831856000 266704596084326400 
2125940807390400 410186825072640000 
362880 223092870 
1701700 25920000 
39146184637560 450033545222553600 
7699613922000 79538839380000 
1340200198260 275188285440000 
1517923887480000 938619601920000 
370507737600 2248776129600 
24360 14092861440 
66512160 391910400 
324907994010600 241416806400000 
15839205782400 911129128509600 
146781964353024000 309094407515013120 
137943698246640 394509926006784000 
687360911773536000 133461245998080000 
68125869711900 257191200000000 
32265048816000 41064607584000 
2923145920851156000 512189896458240000 
3032474610765600000 2828564751108096000 
13995229248000 674488752537600 
92418273851904000 26066807230464000 
8560335884100 42268920643584000 
45508998487680 3542940000000000 
964724959598400000 1119080953134144000 
13048728212520 192871519381094400 
8380532160 16345929600 
562749037250400 522360364990464000 
346943601108000 12538266255360000 
36404205444647040 457693156343808000 
739460423094393000 4514807808000000000 
1460401264930608000 1612734497095680000 
578256719040 1916006400000 
4352541690888300 6391060801309900800 
40071985927974000 76796880814080000 
363896953291872000 46683974937600000 
1228641933756837600 4865850368380108800 
13357730209824000 10119492583200000 
37178326497312000 54254189032243200 
2592332581545907200 240089013964800000 
11767536 1074954240 
24361430184 1461147874099200 
406980 16588800 
5731377014346984000 1801408620211200000 
6190831449162360 257989017600000000 
27243216000 1165126762800 
58865683620744000 20504334090240000 
10617908301000 24831442944000 
150570227808000 849929312232000 
23892224206032000 9532946142720000 
3274453707257304000 2580965130240000000 
445506010686240 37447621882675200 
253427292518400 73020063246530400 
8261072820 5503765708800 
77177996767872000 28243804837248000 
1955457504000 3910915008000 
1607874932664000 611337767040000 
1071916621776000 389033124480000 
282517050816 1630745395200000 
254251200 528293346913812480 
3338167615883100000 1903841659399680000 
1926252619200 124979553994014720 
797448960 34259746160640 
1692884460960 179789679820800 
18068427336960000 897596181159678000 
1490232744000 12641461862400 
18027009000 716636160000 
511730090566695000 730170960725606400 
937845656300 328683126924509184 
6715170 722534400 
192928249296 54780521154084864 
2580148060889358960 3708162146304000000 
47224298721600 50295168000000 
108769199225702400 200028447063244800 
6055322318004960 170061120000000000 
953713265085781200 293321419776000000 
186157868751036000 772357201330176000 
2776991401800 65303470080000 
290386519646973750 381221656200000000 
41078933280 68491306598400 
5337155314947456000 420155774438400000 
3960783165081600 3017710080000000 
4027520 126835752960 
41618713133088000 20527610693990400 
85140 461794883665920 
859541760 158919720960 
592626600261696000 8065298447990784000 
2095133040 4191264000 
22232218554000 44442639360000 
30416585463384120 6903923705118720000 
1378131955200 3906541191168000 
756787424724297120 8425714923601920000 
1875830124168000 2843961987170304000 
504064668633926400 114069441024000000 
2984600016609120 1757541720360222720 
32468436 820781032088272896 
12466840066480800 23892362919936000 
41759551573740 24656870375424000 
107014034400 2232309252096000 
6108795 445302209249280 
50449473360 352241005363200 
54834 7215545057280 
729310143889126800 348633458933760000 
50757848842100400 115195321221120000 
8760482208878400 9073705536000000 
453540765506400 16951598383104000 
14250600 23781703680 
20532303792000 51330759480000 
285012000 198180864000 
8506680 92771293593600 
449755225920000 328516860672000 
150008608191241800 660727073341440000 
173284263472320000 24008901396480000 
2710578370500 10228919500800 
1670760 45158400 
8177284393258780800 2813543132400000000 
39755149434000 36778341600000 
160287943711896000 142764242632704000 
6098094226224000 155803080975141600 
380570190 77396705280 
171004207374000 842764124160000 
15471809238600 78382080000000 
530050752 18264348426240 
6897184912332 71011786681221120 
546983154900 10883911680000 
5665347325241604000 1698754820162400000 
2886206609468160 1283918464548864000 
4914567735027350400 6143750465126400000 
20961806065200 25107347865600 
172181100 975310794302423040 
6666332400 24588748800 
82372752000 172440576000 
8961115245946500 5706304286883840000 
500557824863896800 1779917830225920000 
104809030326000 67251824640000 
21268186940000 23764466880000 
714611081184000 553800094848000 
929236862870316000 283193230320000000 
198457705974528000 200595204810000000 
4638100767300000 7505869250880000 
2847242152755 4931374075084800 
14733981201139200 3890331244800000 
57883497575904000 12838093107840000 
1362649145 5410421842378752 
