114673247150638176
2035917450
1326058308102528000
50803389000
727314463957536000
256460709939033600
1018865647800
1485120
4967193412434052800
91593110692512000
12864852000
4375992416738342400
260133975315764550
2527062175638000
99925936830720
74382235200
248170358800
112927670856000
2064118448711487168
3450197988398561400
191350405209600
29208025298612160
113717797903710000
672827725628744400
204825039499080000
13898372426400
456501554308800
3435630198000
2300265728645280
1323152851738132800
42238039221378000
4877125344000
467520557343840000
1856617108632000
30405943383200
36810323550
23844054399165000
855512658000
648972324000
60716955499200
25333956648000
4345226494769160
10950462867708
137268990003600
996534753464250
2421900
11281485600
40073190629472000
464154277158000
3246320
18595558800
62042589700
28231917714000
333933216066450
15462105120
10559509805344500
1094426927193600
3990729600
21622847400
10682136370825920
11576351490303600
1496065783500288
32199833912400
822031610400
478336681662840
21828856504455
389752789446820800
1749695026860
91390
542115674100
471907035600
1408633367581440000
312114345903360000
3147075360
13980063264611400
2662057523139814800
20088653957946000
139885119141768000
5651100
6201593798400
46305405961214400
1563341744336692320
26281446626635200
60233040
240576319120737600
71628480
87315426017820
472754401572398400
2220398716536000
3805701900
706860
11510922813390000
1070190
4151347200
4758977059200
1323241920
47086175136
5852143985688000
621368010120
36237627398700
1913346726651360
36211079686320
652524600
58019284644750
17315576197920
1100374899624000
48154784796518400
1221511200
208606320
459465850116000
68842273500
559540476567072000
246388562124705000
1837571351616000
3451533721262827200
493506
6707777940864000
254336580257760000
73329656400
462460400561359200
4693098009600
2880165277271842560
92891174376000
4300246768148931600
2580360214251456000
511510145930784
5220373158000
15306773813210880
2655025939432944000
1693446300
378048501475444800
1350921799846080
31744440
4686825
11285518812803235
362028105504000
1729827792000
321890272704000
46329473220030000
5339572260422400
349596505440
6660388864080
69872686884000
7208625360448512000
3374483025513600
413439586560
355505736801600
422788489211088000
35006921913600
9513645837696000
220861941300
135511977987886500
172121881932000
314828658144000
6171085832907996000
30169915776000
2424381546525120
600805296
3252219147777600
543454231320
13167323967798000
12271512
774450963000
71531171712000
458539507676250
5157269746200
275877900121824000
3761965468800
4009554096176160
2691310902514977600
125970
38587838301012000
221299562484000
112760060212800
280784686182000
37553865148800
6422640915600
2411812398996000
1017731825510400
5576077557007776000
1176860089805400
472518347558400
19958400
555499838902694400
11046871796360400
2715913200
8908635187355904000
845180020548864000
2775720467520
10129612075783200
1718402279433840000
300334694918338080
8000459103532896
486206762592751200
558702144000
19075243519332000
134891640
277200
27028122311582040
14596714292160
78218300160000
1853178928801200
9849180054810096
489108808188000
121112657265600
58227239070000
164910249504
11184050611689120
1825305300
106024464000
333352462647204000
206726777056800
42409785600
1712879009899200
2137172582825280000
21963038400576000
1438818368315328000
151800
6162770983168800000
137813195520
354320717678928000
3150404178962040000
88519824993600
471333196644710400
2110308889689000
1200068865529934400
7852869024
208628752132944000
297301432428000
1117674558000
137225088000
40156716600
698523408142560
1121099408
562756226432400000
26701306632000
4812990
25579501693200
1666994614603718400
11243880648000
400400
1372689900036
29234089684800
742386265612992000
38608020
1938063534907500
103511957789037600
7426468434528000
901292763571200
62639327360610
1870082229375360000
93735639597600
5089174272000
30240
1170798893199936000
5003583107763240000
4116082665240
1516237305382800
6608858256000
2102342864428366560
55954047656707200
431520
284216685480
68643960
466283730472560000
565722720
208179035064000
4465298384426880000
2891375487000
8630889276794400
549075960014400
1253187936000
1046501042146560000
7356744003248640
67677131789467200
243110689818796800
154130926950
171602558400
9196246549776
1156550194800
145297152000
4927771242494100
191122078584396960
76790120859802350
1553560069822992000
3350299843800
1388749597256736000
25225200
13537833083775
6014331144264240
35607121236086400
313829357281440
3108558203150400
1501074932328972000
7335832664160
12387559684500
28771106364000
207080076348288000
14869931076000
5531151225600
3573867195360
3679075400
289018841202000
619638774955200
431623806451200
2238161906268288000
237241065600
645999354
637408200
1052049481860
457736685120
1763580
391227936
19535040
55175580024364800
1295295050649600
599673634560
283629138121929600
2958130071921024000
2047736556261396000
4049411061696
667410433151862400
696927647152737000
437437000
91962465497760
205403314596480000
15713497800
666211345257427200
210456430800
22123939780800
30613591008000
4102358400
196388831935296000
1018718931146716800
821702797755840
1373417533391904000
2293464943012763520
2844045894412800
10738244595078000
55539828036000
51400597248000
710541713700
4342963996800
50985562137048000
3150363932709840
11810799000
20881492632000
19059440400
266681970117763200
901078170056064000
504907527600
395334691210368000
776727659271564000
1710170658000
154143080
921200
2565108000
736699060056960
1866773790824342400
51134498071800
59526426960
30388836227349600
1877693257440000
7576431508800
3776490432
29135916264
187600953004920
2463876455040000
15237331200
245544502896000
2911175626334976000
121961884524480000
3788624124099360
236869961263135200
1770911202060000
4735922528937600
18407025
13076910
211189410432000
39264345120
8094685561003641600
320415679584000
52933853700
265034329560
69869103669288000
8219894549328000
455089984876800
259445894400
14872858000
1319933815200
893252440080
22050856219392000
9521113377600
215340392767500
404329948102080000
1270412488800
1906884
1662295315000320
632720478390
60766248400
178953986914560
28353275394388560
883447765200
18752166266130
165197664510278400
378567189000
857757104187984000
730792152540450
10840730492592000
122332313750680800
1369297776
2360603700
6353756327318400
17538893064000
438511345272000
120679663104000
3623901336095040000
4314409285586400
2151252675
142959517364664000
384691064908550400
2677114440000
369600
177597094835160000
229060992680
54915168000
5068545850368000
5676792471353203200
41309251663680000
2981504425916592576
17651304000
265182149218
30030
6476475253248000
1780977152354400
1556670300193008000
8621481140415
326918592000
4689575310420
3764255695200
257002986240
1337856445926000
352067485770000
2649169819964828160
273688392978000
2157084128628000
2470051584000
4807202400
458882401417440000
2978525900016576
725765040
2409132607441560000
66140474400
541163739275280
2289250563600
585722432458800
252252000
225710376256064700
8145060
6318810667518148800
4240549272960
20863258416000
776363187600
58525504128000
4530563015068818000
1748563989272100000
20975724000
169192829473668000
3325608
3283060018270032
477949504886380800
4231601713994054400
1420494075
41230978682400
41383109473992
41843914304192
2422728
510022426193280000
23415977863998720
2077869143750400
475499026184
248213662584888000
54606308166970560
55008718391226600
392251200
297436066200
40653961508160000
4192146220157280
15924201321600
80178339021580800
1870026009972120
205323037920
3276378490018233600
1643405595511680000
771891120
3234639584816640
8436207563784000
849092891014368000
217803247200
5337593863200
19829071080
207127375805750400
204367128232667400
11224967463021312
594853223956992000
1207967112031680000
7545863196283104000
3237004680
164213035786800
1803912264000
8108100
442422085318012800
4709315445120
194148771821034030
396842846400
7741468800
363071790132480
4118637600
8957060640
23408575942752000
677225292462919200
9738960
411675264000
63841570752960000
3675726800928000
326345749272972
69458108941821600
557523282476160
5292967680
7024793359199616000
3287957819731200
66182725840
16245399700530000
444318624288000
2725761464419593600
558336337263104400
2203487790910005600
43744217455738800
17317239656808960
509658876225058560
14244300
24765528824400
347290544709108000
14440355289360
1040059683459276480
34454462842800
3392978585472000
8562281253926400
3851312148684000
78737937261984000
73960402824
722442480800040000
52873916290272000
2832531229836000
9614852367120
2566537974000
4170489797760
210041531481600
60568200
10944269271936000
1236826871280
15142687560
23890293677250
1419269280
270122988687552000
46306798060723200
3961781346322800000
360341520
58692289856200
1505702278080
21621600
29760
23385348881294400
76403919836003760
279676320
17800871088
7484400
16215368400
11240768502463500
10601015040
20432412000
1367452800
7019675863200
2448319767677784000
496922580
9832914000
1378465288200
9330691110048000
143317811894400
3968428464000
911665086820488000
1101716330
125854344000
1401003270173707200
1627973369322300000
28120691879280
348330136
35286451200
62765871456288
29640
1888354153224000
1672823267102332800
29775081336
136461357484452000
253982828683584000
367247965151667600
6800888243549400
1566111947400
44476294291228800
4574704555669248000
1029188160
1177930353600
467187965244000
3636572319787680
86725843940736000
134531928960
8254441932216480
2500491921905577600
324147586425062400
16338230555961600
377689821682773600
92529353507976000
155039844960
552524295042720000
860942312483400
247548947817600
45126110279250
3031901580793800
3698020141200
3934071152550
71038837934064000
7087775213376000
125442738557136000
7301221200
2347722279302400
194699232
14340021696000
19905038761608000
31967895960000
2636166601164096
51214363200
226826203155108480
14127764068978560
969663486935543400
1271256
31085582031504000
999179422441200
1665795090960
924860291846400
8682524636385600000
7277939065837440000
189410787720
7945792054200
9243149156841600
123898248382708800
9633467324098800
469544455860480
278460
38669430800
53439750
172574273256000
782574093100800
2916374154239145600
79080355200
293758750197712800
277294474705248000
53148160800
14867287532697600
518890100064336000
7111676623481100
526694120578080
43364225608704000
12093120
83628492371424000
66152568658176000
57424104738000
67954613126400
320275438560
3410336907659682000
25622035084800
12108096000
102087297312000
400580113905972000
21632410800
2062082735320608000
1333409850588816000
51128530689600
73358326641600
15033438566546400
826907108227200
104913839356326000
657767017908000
1422173114172130320
1049138393563260000
96472495959840000
508673160515520
1705300112880
672980
4800275462119737600
445739864339689920
14820309504000
8543347399844056800
213717258282528000
10158220800
680487302655800640
308880
160626866400
9617286240
40475358
32157498653280
69065536880340000
206520256800
62633895420096
163881900
1498769133661800
2797702382835360
112173277616400
11990153069294400
1544489100
1584712538529120000
28941748787952000
26786892132000
5925095613360
8245512475200
2681289975
2131829651368216800
34023280243352400
963761198400
3097803852000
84194178292224000
248648400
3879876
7159918028886
3448592456166
259850707829032320
248903172109912320
7042805649864230400
41186376000
79306299072
43891176714840
357305540592000
5395568881182480000
314331712002000
68575363744567680
3658746541249800
278256
2480637519360
1011669165221715000
69460197091084800
4363886783745216000
1110352242095712000
4242914387488
1645622888775465600
280512334406304000
1416317199897600
13008876591110400
19632172560000
25035910099200
4114057221938664000
2545620
1123138744728000
190487121512688000
125764386604718400
149888905246080000
1372411366700774400
41345355411360000
124950
2313026876160000
28769630922648000
141159588570000
4721122771034670000
391266980548012800
21416915520000
27287114227144200
17311115232000
670604734800
807191573760
1451525400
559809169920
18918900
12577083639120000
60354894600
2046330
9170790153525000
14725620
1498889052460800
1266201509472900000
2293653523779072000
897612484786617600
10498488000
343219800
5458454299378080000
885198249936000
10593800
331743506640
33308645610240
1285014931200
356071212360864000
3747960216
113658723722980800
323581286368390050
4961442649363200
1624350
15820024220
29260
6393385628146440
197694604800
682587572108442000
235272523831800
1053135111253024800
1951331488666560
390700800
110270160
1369504662926400000
68971849123320
343680455886768000
482362479799200000
545006957695200
216027715128825600
960055092423947520
23679612644688000
9004099622918400
6559475850363744000
9034213668480000
262644801461602560
15339390
1009756800
3273923431353294720
1201338779673352320
625897752480000
211315436640
18589163248656000
4900896
83140200
1944827050371004800
29432841810372000
75285113904000
11357015670000
126713646259200
320896784208000
252032334316963200
2054455634
329491008
319207853764800
25224736680
69575220
19766734560518400
44187487185441600
215100325440
476856632542890600
753146240
153675149791363200
350780233219416
389753179200
9826716585972000
19275223968000
832716140256000
308172091827600
660296891053800000
5950689910304139000
24986401440000
23490885600
3407104701000
169282782192048525
3858899838393600
804731928
14456877435000
21372368335718400
14135164243200
5791578138921120
150995889003960
10501920
134607933139680
256782124298700000
799302545976654720
5501082228192270720
12629126743833600
19803915825408000
1061790830100
2243465552328000
2147648919015600
11950018080
20900514234600
7143171235200
4248796844754000
13219291800
422067169824300000
61865522134416000
3484520515476000
708930508
880350706233028800
1052427228652800
1032481562112000
438910798926600
205702861096933200
784885907520
717084225
1689515283456000
19179753948432000
16383239455564800
117427064990400
439049584949976000
951730493224896000
5080338900
450307266615360
4407480
45379620
2622845983908150000
3363753349756800
4626200779200
1647507400
81436698000
20649010462080
1482709536000
3285138860312400
7309837001104
218721087278694000
763275922437600
205086088350
7005016350868536000
2332538208000
1913349438000
636699331966698000
1967107222080
172574273256
3805096402899792000
1860540993511200
2027259190698782040
63277250400
3030572603520
39578459880960
406134992513250
29070
763298869132800
1982657476800
972442759275187200
12490742103840000
1738090597907664
298046548800
1167502725144756000
125613180
211183061544
42008306296320
27102641005440000
84733926465988800
80393746633200000
15816999606984576
24286782199680000
3093124102980912000
16693840251271260
1700752645912320
1383862233600
3931426800
311458643496000
185841094158720
90720
1508450439600
871156318032000
1144066000
64831703818231350
325231692065280
307160483439209400
2797702382835360000
37804850147544480
446529838442688000
82198945493280
5595117821836583040
629494320
916979083020
3275072579626848000
21092416800
32965208115840
71253000
139709319750
73737014219668800
16392560184000
7035128610578640
873187655268614400
232309215717579000
196218945402480000
7015604664388320
1093397724059872
323221162311847800
48086383113568800
1378977928263936000
373354758164868480
125860
222482177517600
23826586227444000
4915800947977920000
46334673000
223069958983872000
369806510193120
3126383540280
1148874666821481600
11958417041571000
1898521644409790400
1750344345333904320
423470829600
8393107148506080000
