304820334000
2415934224063360
40432994810208000
2911361953500
3956195377134000
225489033000
1863271650240
3376494223502400
1749403656000
4682459600
4727544015723984000
586779142950
15861259814400
4646167029504000
11255124528648000
237371722628040
86585055233040
3910797436
245044800
16425904141647000
4623927808500
249344297250048
31856298941376000
11662691040
1551950400
628821933023592000
91080
27867352312800
141597998151667200
4110158052000
1843717075200
29418840
1481332903740518400
4235837551545600
15765750
120180060
7138971840
807723671040
99925936830720000
319076175600
10559470521600
5931026640
4566115683479750400
143064326394990000
883900774149624
3127867348320
398253890914941600
41309251663680
2054256994389600
122009690880
650465804009221200
47830128471300
9262693440
63756
36783720016243200
13155340358160
178103069464320
6279725439201614400
1083395503603413000
213345576094210560
86296438382263200
1746817172100
140603459396400
1546033589100
31821857906160
5753926184529600
26517023224488720
1284342188088960000
15315300
1404514556565120
57825671904000
1339878660120
1522735465263012000
79380695933510400
97865461593900
540069287822064000
1274412450927813120
746632006438500
1056475025686080000
77558760
3248232187200
133295587286400
5590320798593611080
24651083932675200
2794907475360000
21531121920
11441304000
634182733816632000
2700346439110320
1851325749872398800
39829125407198400
65889115201728000
5639760982455600
217425764392200
29705873738112000
188098273440
831147657500160000
90251884800
250557309442440
557440185802500
1374252079200
5103654769918504800
5869305698256000
112971936
24981484207680
63960
16151520
26503432956000
3004309211904000
18739801080000
25633254366720
60540480
345463045200
44915852358828000
17790517716491520
2986904181862062000
409967240647734000
180580442986944000
3153773595196224000
85444181222400
292438194472624200
140560196793508800
1186167628800
464033169600
215553195
7535670527041937280
281653988616000
815768994192768000
154603358910000
284404589441280
1642951423046934000
1481407200
13348227578400
3290040
119901530692944000
14414400
1059735751074000
4665076416
70578471600
5341068185412960000
742560
45796555346256000
4518877440
25864443421245
1917334783
56858898951855000
1367941674279180
6251417738197632000
4810280846280
1226605161600
233760278671920000
12601455730839360
100616669112960000
735880505545785600
12403606623408000
30358477749600
11732745024
520935817063662000
1623160
1995364800
7494445262304000
30065204400
4384752915242700
555265030320
68947358796680
883749743708832000
1003801518720000
52870866048000
2050860883500
69942559570884000
2842166854800
109324597506062400
6446587182750
1541210625706752000
2075673600
6823067874222600000
2379488529600
713897184
661620960
15471286560
4883920107966900000
2926071992844000
24720241946400
550187449812000
26811656815871928
918785675808000
1115464350
3353888970432000
1701164012167620
231230200280679600
2346549004800
352986462628800
4402458454680
121482331850880
1327512969716472000
15872220
51022579377369600
607662484000
12294420138000
380692197289958400
3604312680224256000
211394244605544000
10496421936000
267146572853160
85753329742080000
280016068623651360
3085542916453998000
15084957888000
1212190773262560
2916281163715920
2675709100181557440
7344959303033352000
69668534468
925166131890000
11873537964288
29768655896179200
9979200
133577302098240
9085146607152000
6317655439095000
1387860233760
859201139716920000
279351072000
737464659360
121298984430624000
32299967700
82455124752
1293855833926656000
3370032356009679360
27310005266544000
1261590179850
45979650020304000
1339895777220000
166676231323602000
45650155430880000
103363388528400
6983776800
8604013017600
10981519200288000
719409184157664000
2196805500970080
23087434930560000
177160358839464000
84812383805309160
44259912496800
791569197619200
16044839210400
281378113216200000
273035028843376800
213952384800
3915147600
123114750685126200
7402348280638080000
371193132806496000
3504963035833459200
750403812019680
604404010980
2877110636400
46867819798800
2544587136000
346308388191265500
68502634200
10271284971948000
669194953026600
215760
142108342740
1058522281390506240
1726266381840000
104089517532000
32736
292417194609540000
121555344909398400
50018544576000
95561039292198480
66712187646720
12612600
694374798628368000
860375435920
707989990758336000
17803560618043200
28140142950738000
65665615631616000
7743611715840
243700686901526400
7434965538000
32760
144509420601000
228868342560
4860623590398576000
9767520
96673577000
2024705530848
5437152
6251229804763944000
348463823576368500
511140442725712800
700780954809455520
2051179200
686708766695952000
1146732471506381760
184756
1156075364808000
4640331696000
16350208730856000
793426114800
9529720200
450539085028032000
3909834185400
1282554000
938846628720000
1888245216
121515589759964400
60980942262240000
23810570784000
77315361084561600
141424123863939840
209513304000
5013993600
6792743128114944000
4760556688800
88921857024000
19441874424772800
161325244080
247633257966494400
1991018683836000
40307703492256200
19590748675898400
189283594500
5420365246296000
219255672636000
52677670500
340368304320
2157204642793200
1701196523663313600
1811950668047520000
71479758682332000
184800
283345792329600
2534272925184000
30489554510415000
88344776520
818007190000
2838396235676601600
8825652000
1882127847600
605792753280
176033742885000
1489262950008288
5018962147699500
112855188128032350
514315228084257600
3212537328
3159405333759074400
584681793696000
388181593800
20921957152096
113257688544000
927937230894273600
10151569768420080
1086388102800
8190946225045584000
40089169510790400
244432188000
821702797755840000
15477078622905900
2668796931600
103563687902875200
23604426915300
603983556015840000
3772931598141552000
748512165353752800
2354657722560
4054050
198421423200
26085803103360000
29654190720
209005142346000
308897820000
2059318800
332239463127000
178474296000
338612646231459600
20113277184000
5493670133567616000
27906522724080
310080
34729054470910800
278761641238080
24812567780
8122699850265000
42952978380312000
24094029960000
279168168631552200
17981941477500
2163130144560
9034247277905850000
652740
200708381691417600
8821131701093712000
1058261786181600
4807426183560
32509
30284100
201698634101164200
2084255693520
1980890673161400000
10810800
752851139040
1030162753620
5300507520
683726400
4916457000
4665345555024000
69193111680000
455832543410244000
228584545815225600
16263470223000
349712797854420000
2458884027600
17821718222708400
783055973700
22238147145614400
966111606031017600
430060035708576000
514594080
482362479799200
16996346640
43362921970368000
12721647818880
8169115277980800
2611188890646336000
188844910841386800
41101580520
14987691336618000
79246770753150
36004619188137600
199122184900782000
7170010848000
113413101577554240
153265500067680
5469990520922928000
118801771200
4621574578420800
508850614958400
234772227930240
86287136628000
26714657285316000
146879375098856400
10884978372153600
7433643766348800
20463862779360000
185545261440
13042901551680
11779303536000
6890892568560
6447276234973728
49113270670464000
186688233049472
19848628800
254336580257760
396945855521439840
10295472
571838069458656000
336490
7410154752000
57302939877002820
4271673699922028400
17256673029024000
43262602891200
5079110400
60295309974900000
154440
67237669894730400
3758385608277300
128836132425000
47206130400
3698952547197600
4075906734900
705432
20649708063784800
94185093793190400
15249015185564160
1685417467878144000
481880599200
42097089146112000
13518482428170720
115446740310720
505834582610857500
34730098545542400
2181943391872608000
55213620
1027016572982400
21572046427932000
2511890175680645760
60398355601584
105591530772000
74066645187025920
30286238493551040
585399446599968
62475
539106597469440000
70579794285000
42886406344320
10708457760000
777512736
38361475152000
8655557616000
335302367400
725762700
20574068107507200
9459450
279904584960
57457413677664000
6288541819560000
859190163466320
33129291195000
1222638777360
76329886913280000
1146826761889536000
5249244000
448806242393308800
171609900
3426630367366206
8577571041879840000
357941486502600
8130792301632000
4721057332992000
55127140548480000
20402664730648200
127512000
25893995727600
195350400
55135080
916481215698048000
550658881700928000
1359092262528000
354675393072000
34485924561660
14429646831600
15741432907200
942344282880
96101544000
15057022780800
2254848913647
470979407940121080
4502049811459200
234711657180
130363833600
13938082061904
280991734367984640
131322400730801280
31570220989747440
3279737925181872000
33924394183680
47117214144
3654261210600
4012898733043200
6358402050
2450448
9294581624328000
416965258980270000
99942579934243200
37642556952000
42526651280256000
126016167158481600
5966782311002198400
164745504
63804560820000
51780667510
770346372896100000
34787610
15041980800
164722788004320
959212245543552000
63250200
366071758315754400
813082255011526500
7083644808240000
10686184167859200
2895789069460560
5420548366743510000
399651272988327360
292486494300
96795146448000
1073824459507800
5695564933229371200
7710089587200
166861633138200
10308070080
28496491114291200
844757641728000
1839701263864464000
58713532495200
2203740
381637961218800
801039198960
764183601912931200
983553611040
196983601096201920
869045298953832
6194889372672000
866716402882730400
34306272
42366963232994400
179300453052614400
104083080332400
2327925600
5177786302935792000
54036871993843200
1315600
500914882868400000
10546208400
35626500
116154607858789500
31824
111241088758800
2162587608134553600
33891580800
2457900473988960000
184903255096560
2541502530927360
949260822204895200
875172172666952160
211735414800
142942800
21588250844160
1509958890039600
11363952600
835665600
2665911745728000
8481098545920000
417265168320000
5964826992900864
2363772007861992000
343387584540
65637978588000
185136
1861578687510360
342491250157056000
28334579232960
124672148625024
56100780299163600
15928149470688000
59199031611720000
3188886459110352000
2055079026000
2117918775772800
326398611330792000
79722780277140
23107872892104000
2048254913359200
159538087800
55358240901600
34337160
5279735260800
7043166837907200000
61004845440
201327852005280
147298862224800
2876963092264800
702257278282560
761367732631506000
1558401857812800
39690347966755200
23491679211000
100182976573680000
1724719934872935000
331064875791936
313153417127295360
1930526046307040
528237512843040000
1624116093600
1397453737680000
5720652000
26435433024
50885061495840
6417929266224315840
31062011452243200
2530881913560
58075341924600
2934652849128000
2450484533952000
31980
8075760
13251716478000
5361415111833580800
42722090611200
1294250477176800
6566033355172200
593083814400
3260725387920000
740703600
923497397222400
101719263360
7207200
529867875537000
35289235800
371280
204434193600
28429449475927500
146930615069238000
140312093287766400
7057847160
5866372512
375538651488000
159301556365976640
3425131710
1222772020470000
11657093261814000
997682400
62630683425459072
1171305310181518512
89303282925199200
29825664485760
876950583048540
493362138080
1189744264800
538751454783360
330810480
330871947542640
2441960053983450000
275093724906000
95412358641600
1676944485216000
5485409629251552000
4128840588600
626393273606100
79646183210880
156887896421037600
105697122302772000
479001600
6645408
139143023019000
5936768982144
66815282517984
1533421328177138400
4989600
4542573303576000
620180331170400
176076869568600
60649492215312000
674446110147810000
36991422468000
88580179419732000
7480104039888480
42859602340354800
23433909899400
185504
454280626800
11972188800
475176173472000
19638883193529600
15557374800
1085315579548200000
327314719892160
14783258730240000
6306300
8901780309021600
312561490238197200
850609128319750800
97110140400
3871805857920
482320623240
7997735237184000
8447576417280
1025589600
7376652082800
343354383347976000
92378
2320165848000
54460768519872000
5551761210478560000
230080173960
255113258400
308756448000
469423314360000
257951310381765000
7632132100374862080
30490471131120000
12837707162280000
26705340927064800
102661518960000
1470942000
3396371564057472000
12906019526400
9720937212386400
123816628983247200
443497761907200
858374060544000
4077276787584000
2698531355520000
94641797250
6425074656000
38244492000
35739879341166000
92400
13728792000
1267136462592000
4412826000
2589399572760000
2743014549782707200
459377318400
35730554059200000
250110683222400
327851203680
56427594064016175
152655184487520
691393903200
831402
543194051400
3221473378523400
403788000
61138601023500
51781843951437600
1886465799070776000
64933410742200000
1471442973
14827095360
4694233143600
141728287071571200
1029659400
586639433630250
192758365800
155040
626994244800
16951023048960
17364527235455400
460283057346112
13348208663037248
1142533605312000
7501475765716732800
354817320
5405400
17603374288500
341863200
35521200
240672588156000
114292272907612800
45143585625600
772211512800
1157635149030360
471435600
65685214314720
9753573309480
347373600
18002309594068800
5616720593349465600
13412094696000
2310787289210400
829376615067000
3716821883174400
6521450775840
3087119870714880000
3445446284280
2739009325852800
1544598163171103040
675808627542048000
93344116524736
400719859279740
4296005698584600
21631301445600
71241227785728000
173343280576546080
3638969532918720
88118110080
6939301168800
247520
1734575477357923200
10324854031892400
240940299600
21048544573056000
6759241214085360
1232554196633760000
1090971695936304000
17607917094768000
5506588817009280000
1255945087840322880
2326973359387950
393426897586222500
292699723299984
7597209056837400000
5035864289103648000
388756368
75925868074056000
45403469511400
14286534113451600
6112079821247400
78760104474051000
4288785520939920000
4990586788002816000
947388951600
5251033036001712960
679546131264000
18503322637800
691891200
305795759068800
3543234678984
6807596064984000
3499009166268000
65181916800
140495867183992320
15785110494873720
165088838644329600
16962197091840
6212760698273088960
18821278476000
82372752
17393805
31625100
60258625455600
48397573224000
135207800
1229144716800
269128937220
281015317440
17153136
2508067240848
505974629160
1132469167529700
65116800
1163962800
250457441434200000
1590205977360000
676771317894672000
11438408520
12858792567192000
58077303929394750
31465
1682599164246000
1081293804067276800
1014901083196000
7227397822324680
92568
13154258745728100
171245625078528000
3784576448753100
241178158821600
705507857454400
1058959387886400
269764387200
11553936446052000
1024127456679600
49729680
42546038040
2976321348000
3521583418953600000
5311189499616000
11115232128000
30502422720
1146734096508000
72478026721900800
2111894104320000
78822257177664000
165532437895968
264118756421520000
812058046800
89926148019708000
15531005726121600
18123840
3904449910930800
110819687666688000
237918897216000
309735156931200
1630362693960000
370351800
6839708371395900
3603600
781427217274704000
432432
185640
3793250038780800
4381203794791824000
5828546630907000
611386010235000
21681460985184
383163750169200
938783501956300
1649102495040
47606217704845800
6668938785600
838472242608000
291441386396160000
47706179320800
19253807052480
2742704814625776000
2431106898187968000
239500800
6502833792000
1125605718029520
2968384491072
310090165585200
15405248594736000
47369447580
22743559580742000
192249407750400
3634348619226124800
4065687853522626240
5986094400
3153150
601304088000
