382019599180018800 309715815628800000 
233593982622000 368709304320000 
38150487038664000 7002596240640000 
257318438065920 12487677475553280 
84778860085920000 29905205121792000 
112276824803062920 4478794089077145600 
269783280 162349763788800 
813986684661150000 1912994744300640000 
836411633551166400 1023958410854400000 
554400 4158000 
1592420132160 47676370452480 
8069424 326149079040 
811811291387896800 3388717220836147200 
41227562376000 22884301440000 
462430145923200 317764871424000 
155667030019300800 110407952793600000 
3638969532918720000 308114234588160000 
2162284740000 2905943040000 
297856395101865600 128328121152000000 
276262147521360000 118735379642880000 
412275623760000 194516562240000 
329820499008 800150400000 
32651247793164000 141087744000000000 
62721369278568000 106053437384294400 
3650610600 152374763520 
798145920 2694384000 
122151120 85498024175861760 
3565918914717519360 3902399211110400000 
25607181600 53887680000 
195839166798475200 68080796784000000 
666704925294408000 6808368819732480000 
182600621723520000 471427458518016000 
413453554113600 245188944000000 
3648089757312000 32038215745536000 
7721578870005000 7742895390720000 
9006449593973832000 922695034060800000 
391287046550400 211239705600000 
831600 5821200 
6177956400 33210777600 
1458187077119572800 160059342643200000 
13095420237900 5077997833420800 
7641836019129312000 971471287987200000 
2678487194392800 4313966040884183040 
340280688823732800 5778953994240000000 
41814246185712000 48206107901952000 
33076284329088000 21778907950800000 
330474013309440000 644769091878912000 
33977306563200 74494328832000 
12811017542400 1587032358912000 
181051103948715 352241005363200000 
16078749326640 46294416000000 
303600 2422210560 
18736113155760000 1221723960429772800 
1655324378959680 1301882755822387200 
749384566830900 1414551600000000 
104389825700160 613682107121664000 
5995076534647200 3677834160000000 
177039649987200 401717565849600 
2400137731059868800 2699542042509312000 
113889686110200 82189567918080000 
21644470247400 341687558520000 
14240160 930128855040 
187756700391260 845378412871680000 
2772548215557120 3763907481600000 
26887540680 142884000000 
2235349116000 11036196864000 
48719147400 25076532510720 
162409534560 8929237008384000 
80313433200 293932800000 
314410966511796000 196106320650240000 
3853026564266880000 4407457292343705600 
1125512452864800000 7347638904245640000 
3348108992991 369768517790072832 
740666451870259200 232363676160000000 
27729447470524800 2443447920859545600 
34415017436800 2311581597696000 
24890273112597750 540326562300000000 
9625980 185542587187200 
285909375628800 269487163299594240 
931635825120 3724716441600 
3333989229207436800 1162111529779200000 
1688247111751200 1776025240967577600 
1513908215820 47239200000000 
39466021074480000 18068427336960000 
2347601883288076800 615974981529600000 
118685861314020 91403961001574400 
121276063231752000 564350976000000000 
36136989111623400 24952690224000000 
21747880354200 477308305539072000 
89051534732160 69470200800000 
2247294722400 15626164764672000 
388756368000 29132587008000 
10640261792160000 35410659508224000 
1484772531225984000 478043903361024000 
27745808755392000 14662579067136000 
174681717210000 108637562880000 
2283057841739875200 1472964408115200000 
71532163197495000 16829769116160000 
97569507619584000 4600263984531415200 
325232902004610600 213484127472000000 
14852936869056000 8406478080000000 
94049136720 46231631953920 
125278654721220 54245114825932800 
252252 4860000 
636082390944000 565685920800000 
10719166217760000 3695814682560000 
424715730187548800 1245942481158144000 
270034643911032000 39544072888320000 
925293535079760000 338786239841280000 
1150707643365280 92463263907840000 
60480 2042040 
66647793643200 402269375692800 
12325541966337600 6233247820800000 
292080252986121600 645093798838272000 
10765560960 51389619240960 
913641279157807200 633574266716160000 
1350173219555160 37791360000000000 
32944557600864000 71514555678720000 
266181664320 5598720000000 
26550259394329440 102852965376000000 
154052485947360000 354106595082240000 
8654327655120 7888395046188220416 
248877335479500 466647713280000 
10999448460000 234558414090000 
2177511715326107160 3703553280000000000 
2332538208 1426902220800 
4204685728856733120 7079218642944000000 
2670534092706480000 325231692065280000 
787530579264000 1685673990000000 
2676779812106400 406239826673664000 
2040844712400 2708265511157760 
2123578650937744 123834728448000000 
863040 310042951680 
8869988236489380000 874324159188480000 
530895415050 8062156800000 
137287920 2239488000 
3571585617600 13549997260800 
1742260257738000 7416324292608000 
932567460945120000 219531392144064000 
2969334157262873400 2095152998400000000 
516240781056000 1731557619792000 
102851430548466600 92914744688640000 
55409342110602480 1692665944473600000 
624537105192000 7855810176614400 
416358070128000 2060090081280000 
17007526459123200 3910447732359168000 
5782750974000 164807206502400 
7067582121600 4903778880000 
8995104518400 11187880704000 
128391062149350000 189522699125760000 
3307628432908800 2977294320000000 
636819668260776000 108929274854400000 
6314563371916800 1667284819200000 
3379847863392000 76357747526860800 
135354263578934400 411411861504000000 
1181079900 33443020800 
991328738400 54935735500800 
5068393477056000 66937624115281920 
486221379637593600 121433910998400000 
149023274400 3611846246400 
6245371051920000 32732542402560000 
800573297242118400 116513786188800000 
225153633307680 5493573550080000 
19826574768000 247210809753600 
2313100389600 183119118336000 
2516598150066000 14158437285888000 
7740444182668076880 8157956721868800000 
10324505231040 1386948958617600 
9855542484988200 4481299468800000 
684410126400 1430268840000 
1166269104000 45779779584000 
3502508175434268000 3498880599244800000 
821578665600 976635297792000 
956674719000 29550211891200 
98555424849882000 18006676047360000 
3205758874237920000 1568850565201920000 
58266084240 1795458507693096960 
3107120139645984000 1689129108534067200 
223264919221344000 91075433248800000 
468599024597088 2339941401640304640 
198265747680 36623823667200 
6700599687600 8229184826926694400 
16482604057920 385743038762188800 
6862056833503872000 653575649126400000 
734359948476000 25509168000000000 
1095060276109800 1296243648000000 
50450400 216216000 
27075666167550 52146030182400 
336519832849200 4773083055390720000 
2831959963033344000 8717268538440000000 
12143391099840000 8635300337664000 
1546562051490456000 301143324303360000 
1249320072 23328000000 
627658714562880 105777973910568960 
787386600 16721510400 
10204515875473920 1110015775604736000 
87604822088784000 33270253632000000 
905255519743575 493137407508480000 
305024227200 1027792384819200 
355839590880 300918390128640 
2631068071632000 666913927680000 
14671665328320 449474199552000 
5979208520785500 2578317186170880000 
4196553574253040000 655743119391360000 
152389697210150400 874137423288729600 
1207967112031680 12135803387904000 
376780512108000 76169967501312000 
1455680976750 5643509760000 
385889983839360000 183584731442112000 
262009138759830 8815968460800000 
11107324800 2293235712000 
20817241885440000 547116181203271680 
98109472701240000 77460817674240000 
201167893276350 1193270763847680000 
161610581155923900 1777299241697280000 
29739862152000 337105649664000 
24043191556784400 63489484800000000 
35337910608 146966400000 
4324320 21621600 
11913293113722000 4780052766720000 
7147734390720 1632376140595200 
131040 3225600 
578037682404000 453949816320000 
8175104365428000 6224027040000000 
225269542514016000 87136378560000000 
983160189595584000 292919058432000000 
474482131200 244158824448000 
341669058330600 282074597094850560 
14270468756544000 6444219285504000 
27102641005440 63681017400000 
2311801440 95105071448064 
306039970959723000 1036757890990080000 
521311224720 792542262067200 
1274816400 26873856000 
5782567190400 6974263296000 
1085822640 261213880320 
3662446755711744000 845180020548864000 
1078602321396600 602723498065920000 
68362029450 2624400000000 
3527160 74649600 
302896376640 2143260000000 
39070080 8364195840 
25308 1546188226560 
125707982400 185253868800 
2506996800 14902272000 
2776325151600 107150844100608000 
2590590101299200 68389522650408960 
222211080 1219276800 
2012230185675494400 1400199129442713600 
26398676304000 83889126921600 
4095473112522792000 5406500409311232000 
48783287216664000 100944413982720000 
58916649580588800 21510237450240000 
566061927342912000 298200051072000000 
11802213457650 493694233804800 
374256082676876400 5331897725091840000 
564638354280000 10869288319890000 
268996591955520 91729428480000000 
267053409270648000 46461670295040000 
155345531854312800 1186611886817280000 
257157614042128800 848427499074355200 
2628144662663520000 294109042106880000 
292340896848000 111152321280000 
156648492000 9092372889600 
37779096893592600 663525050233651200 
14495605344380160 78657984921600000 
874874000 43352064000 
20994054997608000 30974741928345600 
5860704129560280000 4920097293951840000 
44247879561600 3595793596416000 
311023037001600 1428513408000000 
392777663870592000 165628828366848000 
2368699612631352000 722743978328064000 
599555620984320000 8547795960909004800 
2650253760 66969277562880 
228022754400 5028367196160 
2458228500 416179814400 
268718023281708000 814595485777920000 
3600206596589803200 4242137495371776000 
1275120 825753600 
2746835066783808000 348462527212800000 
234654900480 628539912000 
145363680 6812467200 
9189180 116640000 
5688091788825600 1953781933922058240 
12406283890 3478923509760000 
21995067831576840 453496320000000000 
4061349925132500 1774413527040000 
111079656072000 1097098297344000 
21476489190156000 391005833173401600 
12047014980000 33243988377600 
456611568347975040 1177684829798400000 
784965679900201800 4368889219645440000 
96633673063200 203140141940736000 
26898080 905969664000 
15032602200 80154397664870400 
170075505600 1434705592320 
441874871854416000 218113807745433600 
5806101600 963158999040 
1421083427400 13393855512576000 
8685927993600 88289574912000 
1286635656281976000 267619220899430400 
101971124274096000 133352298042163200 
282429840 2283043553280 
3629186192210178600 2073989836800000000 
2342475135000 5476584960000 
25200 166320 
613302580800 2793537331200 
50308334556480000 10137091700736000 
847665844138713600 225268704460800000 
42405492729600 36680266022400 
11043097065000 12448054080000 
74238626561299200 54077364633600000 
1402777370966400 4761711360000000 
10015005 20639121408 
1070845776000 1120863744000 
85667662080 192036096000 
2201229227340 28179280429056000 
25511289688684800 2590036809744384000 
190346098644979200 87996425932800000 
38118880800 37145625954877440 
1802156340112128000 375139084320000000 
51785335660766400 50283671961600000 
2703696485634144 1775294667030528000 
144216072000 7084965888000 
109148456908576800 158018273280000000 
2177742427450200 3290542596056678400 
15265518448752000 61437504651264000 
4932189662400 24389995069440 
1463035996422000 2633637888000000 
1276091216400 2909934720000 
3420341316000 25141835980800 
368732329680 396271131033600 
1358963001035640 10594748989440000 
5292679020656227200 1397350652544000000 
22989825010152000 1128013768949760000 
26797573202400 789344551541145600 
3491888400 7264857600 
4302006508800 5028319296000 
5733662357531908800 6436310011084800000 
22129956248400 92704053657600 
606095386631280 33435376680960000 
27713400 419904000 
233735040 11161546260480 
205931880 2090188800 
2001365629401600 205044580771430400 
1874941036074960 1711891286065152000 
19423071290304000 33338074510540800 
3540792999744000 3414599309721600 
17793079920 8561413324800 
71054171370 2609192632320000 
863133190920000 1106583109632000 
102724030609200 696480486653952000 
1097361720 2381129868902400 
3733547581648684800 7284478527406080000 
60777672454699200 38178642902400000 
25009272288000 62754018726098700 
5995556209843200 1628151611601715200 
2088149263200 3233260800000 
32832807815808000 74145585011097600 
3717482769000 134842259865600 
1149148273553280000 2210636886441984000 
5064806037891600000 4521623941074240000 
55717483042461240 601974374400000000 
1752481517916729600 1810212190617600000 
5575421177221896000 1187940433680000000 
127414899612000 135193411584000 
2918756812861890000 2099328359546880000 
8288280 7644119040 
8779605120 153090000000 
353245250358000 190115735040000 
491089005792000 4183601507205120 
7951029886800 7355668320000 
34251317100 451480780800 
986813997588825120 8668430991360000000 
190818980609400 6269133127680000 
382091800956465600 164461846348800000 
320089770 4199040000 
528739162902720000 160153495197696000 
433358201441365200 758487711744000000 
1850332263780 118098000000000 
3541822404120000 2420650552320000 
4950978956352000 6721263360000000 
3855044793600 4828336128000 
26153820 14882061680640 
422378820864000 4043299481020800 
78528690240 193995648000 
919850631932232000 276900047424000000 
250577911584000 146721064089600 
608359048206 12999674453557248 
1035557260587158400 796412097331200000 
155405250 26542080000 
105867707400 1523747635200 
9777287520 16765056000 
6338850154116480000 4657881002135961600 
2588893151467896000 1394533835735040000 
27018435996921600 1010576862373478400 
138059418604800 7000521814573056000 
51034920365028600 1492931363025715200 
93437460641260736 866843099136000000 
29745716000 141087744000 
2639867630400 3519823507200 
735134400 1816214400 
190466640 2732083200 
779200928906400 2814700969080000 
12212414759001600 150609654259384320 
1332955872864000 1759928518656000 
808659896204160000 84031154887680000 
12642980663966400 306110016000000000 
218790 8398080 
7964074735344000 5133124846080000 
9076794753312000 8641624320000000 
147661983612000 262702440000000 
47626016970 194775186325635072 
22913637714910800 3838966362066124800 
31069106370862560 539369039462400000 
27839484960487200 23176013414400000 
659852034947305200 533311672320000000 
12391215408000 15243746918400 
10453561546428 1375941427200000 
132908160 1395193282560 
733055400 6061057848115200 
264933937768500 362948221440000 
102217096800 1676122398720 
156576708563647680 8568015886756085760 
86796849828546000 100818950400000000 
2473858720944000 35107145515008000 
807647598838080 4500335452225536000 
19028509500 644972544000 
1265440956780 7044820107264000 
378862412409936000 250300944875520000 
20238985166400 18681062400000 
528950743200 43883931893760 
2137236833571840000 6732093635899632000 
3303953290205568000 849579690960000000 
1344904 195689447424 
8488730905200 16249593066946560 
3585005424000 4322590272000 
190612689819552000 29658054666240000 
56706550788777120 1179600089304268800 
160934314621080 482178798452736000 
291330421200 4987384743591936000 
4087080001804800 1654420194459648000 
10241251974954000 12618051747840000 
2042040 14515200 
189086092081286400 1484011191663000000 
174856398927210000 47576462693760000 
483055803015508800 3932000297680896000 
757134378000 5150225203200 
21681460985184000 333276795371520000 
6360823909440 10373378400000 
5297911525866960000 2147561649192960000 
345120260940 7608405715845120 
148824 236438980436951040 
2738595552 27396522639360 
3705077376000 81518134698000 
1319281996032000 3312545011776000 
30735029958272640 1220515083583488000 
30147654987450000 100683933910560000 
4157010 83980800 
12707512654636800 4562777640960000 
8798027132630736000 3733181706240000000 
14634986164999200 75536636313600000 
3223638117486864 3466579854281932800 
54907596001440 3120635156889600 
285919034729328000 44816615940096000 
7008385767102720000 1016776974140928000 
84943266408000 115880067072000 
769382129817100800 487799901388800000 
1895296631728500 1239272939520000 
5354228880000 8136640512000 
19180737576000 105388867584000 
3144270909780000 1035678099456000 
16564645597500 27725211360000 
893970 494780232499200 
96526439100 2902376448000 
15716585600100 1502894956216320000 
38716894616400 866843099136000 
842708733939072000 175751435059200000 
8505820060838100 761699675013120000 
923780 50388480 
1389404016000 18552403069200 
1056202457310000 34160044946227200 
57723370155360 6687075336192000 
18375713516160000 7286034659904000 
174594420 816480000 
4678675113752640000 869762467923148800 
374796021600 705729024000 
8257257706370400 425152800000000000 
17365049272771200 5279735260800000 
412722096610824000 467228430434304000 
10786023213966000 7219288121278464000 
35302608000 179338199040 
65661200365400640 2330074250477568000 
231458266209456000 126097171200000000 
21263325640128000 28656457830000000 
2119164610346784000 495591149813760000 
7520990400 38745907200 
60060 648000 
124291179492480000 4376929449626173440 
3561954304708800 10618827964416000 
27563570274240000 12196188452448000 
92809581285710520 8388267301719244800 
458240607849024000 106768996798464000 
10421278467600 59663538192384000 
275329440850464000 275837562000000000 
177337696536000 568865783808000 
17242962280830 173584367442984960 
653837184000 463294732200300 
471172141440 1200225600000 
7528511390400 15732957240000 
704134971540000 2402866180915200 
2423171013120 11787930000000 
1122049337625216000 5245691967816300000 
391186095300 4682022912000 
1486778980592505600 803869466400000000 
5868419040 29353417113600 
200359929639870 7899107740876800 
1130341536324000 106637954501836800 
1330032724020000 8812607569920000 
4940103168000 285313471443000 
909423175375915200 495709175808000000 
3469650584400 402862060339200 
1010824870255200 1792336896000000 
37416558210071040 1371195958099968000 
45100627299327600 782011666346803200 
1003541908457088000 1038038190155366400 
36078245280 228588467414630400 
531481076518392000 638284576849920000 
678040921958400 2155897306396753920 
9001154797034400 6913299456000000 
504504000 6723486000 
2108402951902632000 1208014935205478400 
21002426218065600 561714328240128000 
438800690627442000 6269133127680000000 
194944796406360000 29344212817920000 
8905153473216 35940088800000 
224877612960 261534873600 
70247933591996160 357082280755200000 
32590958400 46702656000 
8481098545920 6669139276800 
8812319381712000 11199545118720000 
907316403541067520 279470130508800000 
10799411007000 261213880320000 
24804 60798594969501696 
16825208400 334430208000 
1593900 1651507200 
7138755709588800 988617217702625280 
34503985929679200 1123428656480256000 
1676056044 47552535724032 
2517932144551824000 332623321430400000 
3497127978544200000 698508975003840000 
2144392760469960000 253741134366720000 
162954792 2332800000 
130487282125200 1392960973307904000 
6651216 78382080 
183579396 1981355655168 
5034173760 396220010185359360 
7091316023585976000 5726885618751897600 
45428062680000 343266597273600 
2048250394990800 5735478067200000 
1362104085342000 4734119112081408000 
461025449374089600 6645026566176768000 
9370679786233920 41141186150400000 
22440986752504320 133698296031300000 
5717712 145800000 
46831955727997440 329535933382656000 
1642130357868000 161144824135680000 
353379106080000 183401330112000 
352753928727200 11557907988480000 
494771744188800 21064287309004800 
11745300 28499341391953920 
2655594749808000 136640179784908800 
15251211360 10463949619200 
1502820902559412800 8184191400000000000 
4688563303648224000 3228118134040800000 
110017436782453200 9141306387333120000 
594872132400 27085352258764800 
95040 1921920 
12289529480155200 5325884001091584000 
165435973771320 684756514426060800 
2273174474459616000 1431721404687974400 
186875186097600 331838373888000 
3088631548002000 3318383738880000 
1104436080 48488462784921600 
81307923016320000 3085542916453998000 
19487658960 8358844170240 
8212921516800 13199338152000 
73465307534619000 98761420800000000 
24610330602000 70727580000000 
1951616426760000 20282526686822400 
2933186256 58344300000 
119759850 208971104256 
62557346966400 7191587192832000 
29331862560000 295151867010000 
32058552503577600 72779390658374400 
3740052019944240 12189981081600000 
454034695114000 6763027302973440000 
189644709959496000 1071385056000000000 
5834481151113014400 1095066633830400000 
237588086736000 1443342430700270100 
7391629365120000 280503901495818000 
173938050 683984193406894080 
13179640320 110702592000 
348024877200 1469664000000 
4450890154510800 2710909555200000 
1935902928960 3308104800000 
12777711870 129850124217090048 
3628326124051200 73456926326784000 
8217822536 32462531054272512 
1543782240 5239080000 
296508628608192000 141772824281088000 
337223055073905000 353991537900000000 
1629012 346346162749440 
158169996069845760 3885055214616576000 
1698185782028736000 352418242176000000 
61908314491623600 151697542348800000 
345769087030567200 4746447547269120000 
221748880953600 1447087439397600 
36064823400 3918208204800 
148995 178120883699712 
444609285120 8384722426080 
980293833357696000 215766270720000000 
17869939670583000 7097654108160000 
6864396000 62078607360 
3844988155008000 820178323085721600 
72762855014850 105672301608960000 
15536397436560000 50660428647628800 
123241988757888000 212463957049344000 
414254751611500800 2768761069240320000 
408734256465334800 349192166400000000 
22449934926042624 1632376140595200000 
149602080797769600 87605330706432000 
88216128 680400000 
2415934224063360000 1012328265940992000 
59800 566231040 
95004 4529848320 
154378224000 1485890406000 
14440355289360000 5323240581120000 
4192361213040000 1098446469120000 
15856076396160000 68260989468672000 
50424658525291050 4698503632650240000 
5200298417296382400 2892366474117120000 
31046515500 1289945088000 
125055341611200 406280283881472000 
16216200 170755200 
4104100976976000 11707197633331200 
7795055788936416000 1195109758402560000 
7086414353578560000 7400827837218816000 
10708457760 27433728000 
393962001310332000 600722267701248000 
6127331556381235200 1390221312480000000 
32466705371100000 327222785209320000 
11429227290761280 99166850541158400 
14348425 113997365567815680 
1888482960 3095468829573120 
16657950909600 650048454210355200 
5662884427200 29797731532800 
1099944846000 1543782240000 
5597356764542400 22574039040000000 
1975031871120 214035333120000 
1711880828658000 1084363822080000 
214383324355200000 228565605812544000 
52823751284304000 16302340454400000 
373075002076140 266294200054579200 
62471198574892800 320045515301191680 
19477920 3720515420160 
186279093000 3973030871040 
3142699560 9220780800 
28640037990564000 16425999507456000 
396270 1932735283200 
202525982933274000 172832486400000000 
1052951379480 2597002484341800960 
3102631145850600 150459195064320000 
241945746147345240 1058158080000000000 
421645524300 1463132160000 
4805077200 28449792000 
465120 51609600 
1933976154825 33592320000000 
9852782147208000 1089339011157196800 
733743075780 16907568257433600 
36834953002848000 8558728738560000 
432409824 9132174213120 
127683141505920000 736878962147328000 
2703912680700 564221981491200 
69770287256670000 26134689540960000 
20636104830541200 108355387392000000 
2379188972160 141263319859200 
1232673380400 300578991243264000 
44108721611136000 13981654342656000 
138916217883643200 116807107608576000 
589883794500 4514807808000 
859243362978000 20155392000000000 
19983588448824000 11033502480000000 
10585935360 50283192960 
355575960157017600 1456895705481216000 
120378867336567840 4623163195392000000 
765654729840000 350129812032000 
141101571490880 6934744793088000 
62291728699200 148988657664000 
255112896886848 79906524364800000 
488620188000 10056734392320 
181621440 1152597600 
14630359964220000 8111604695040000 
132365451680 92463263907840 
10291881600 31783752000 
5451522928839187200 1621924864560000000 
1602475394520 135260546059468800 
198290710800 6250465905868800 
230102248084188480 1190427840000000000 
192679227468000 272369889792000 
6936906008420388000 5322023840415744000 
433058654940912000 121674070425600000 
106482300925592592 2321901158400000000 
28589160600 33335818164633600 
89710363417165920 3715041853440000000 
5350701720 219172181114880 
681080400 9434224800 
1019317752450117120 2975005516234752000 
55744018580250 143386951680000 
49531057648800 2434689829070438400 
694581089418216000 375451417313280000 
28880710578720 84652646400000 
32720287600 96997824000 
69494209830045000 28390616432640000 
603700014677760000 1197740829120675840 
68908925685600 52960811904000 
6785957170944000 21114113856675840 
1484192245536 9801842400000 
7702624297368000 22660990894080000 
1907524351933200 588453465600000 
3806838663157530 88159684608000000 
2032843926761313120 2002407559004160000 
4279702071645000 14578669163520000 
2993047200 7544275200 
184072680 8906044184985600 
1018911469217241600 1530760262169600000 
35078023321941600 2349251816325120000 
4700140003163404800 850037376988800000 
147920805648 84162117548113920 
2180027830780800 2074675680000000 
5142571527423330000 936890342277120000 
5665062459672000 11999512627200000 
47910333403904400 7677932724132249600 
145720693198080000 517542333570662400 
1371352407312888000 304185176064000000 
6637181934240 1130106558873600 
1215553449093984000 267154604196480000 
116447025053399040 59804307763200000 
3156846462000 1090990412660736000 
3709742278060280 1819954423498014720 
1268946221052510 35263873843200000 
420083062963200 391095226368000 
21888538543872000 610556854350643200 
19216526313600 2312532865843200 
294332215320 45086848686489600 
70396470144000 247365374256000 
27725482155571200 7846046208000000 
16731965250 162570240000 
182333017364097600 200437875237600000 
5808125505032323200 5688657838080000000 
3774897225099000 15892123484160000 
47780587354500 57940033536000 
948047325681456000 389264321308262400 
5994283373783359200 5119792054272000000 
4568206395789036000 1478339955671040000 
540245977375104000 178877430635904000 
256468420028620800 1346418727179926400 
712530 13589544960 
308138549158440000 63579127772160000 
273031540834852800 1384380534620160000 
4401979273692000 1176906931200000 
41140572219386640 47405481984000000 
29386123013847600 84652646400000000 
1247646697000704000 146721064089600000 
14724129420000 17427275712000 
76448939767200 131681894400000 
94486392000 1505555251200 
4701779682215616000 1668275662749696000 
670442572800 1257079824000 
634486995483264000 194472101311488000 
7993435379529600 7261364880000000 
41557382875008000 53127336061800000 
1404180148337366400 499053804480000000 
43243200 139708800 
929205470793600 4767637045248000 
94718450578752000 35620613892864000 
14968800 1179278100 
696468538030765500 2106910310400000000 
9913859304426000 15487370964172800 
2075793350400 5363540582400 
286683524127000 365849926041600 
22481537004927000 18389170800000000 
3882751431530400 30098718720000000 
137425207920 400075200000 
213860618672500800 4692069998080819200 
14039351726400 7406266344234024960 
993845160 193466801848320 
307286179200 476367091200 
377670830644800 1005673439232000 
1398109786688815200 5933059434086400000 
417165819470400 3306744000000000 
2431033812963756000 657039980298240000 
19665828000 2833986355200 
265764451680 5668704000000 
12972294720 50226958172160 
94926082220489520 1813985280000000000 
20817903506400 624269721600000 
1801229066461440 34687992987648000 
317225196288000 9153775927296000 
31505760 215550720 
7866331200 20341724282880 
618655221344160 2708884684800000 
52325052107328000 19918495973376000 
2081071802526116400 2715318285926400000 
6370744980600 31352832000000 
2109051890946000 5899348869120000 
6254984297139177600 2096025978816000000 
13435901164085400 103675789099008000 
519467285937600 725963598360000 
6590029600 9512681472000 
2802006540347414400 717651693158400000 
251708688000 6735740173151109120 
2524136472000 15002820000000 
4646184314351580000 1531817927640000000 
3255946738644600000 3280064862634560000 
21578329773000 32188907520000 
24736537425600 16345929600000 
56241383758560 1160950579200000 
828828000 118082764800 
2520498377779200 2469487000780800 
70572902400 12835871368320 
37779438977280000 53000720188416000 
223258207312998000 526727577600000000 
64512240 247669456896 
402640304430 3913788948480000 
3752019060098400 69657034752000000 
59280 14431090114560 
744640987754664000 763857864000000000 
16157040883200 100567343923200 
1756198339799904000 1669359662530560000 
15786408429792000 3668026602240000 
1693915062840000 22726693759770000 
616209943789440 7141645615104000 
45848954151000 674211299328000 
3806921972899584000 777888405245952000 
16208514000 415615395299328000 
8976124847866176000 1382912720437248000 
431441715157853400 1428513408000000000 
102918816000 1204701498000 
130088765911104 7847962214400000 
322545026781432000 154497280486348800 
58521439856880 967458816000000 
71286872890833600 2132759090036736000 
104187163412732400 83433648291840000 
601304088 16030879532974080 
20935530 1823957849085050880 
3537887045893200 10978063488000000 
69390806284800 296067440148480 
27839512800 12538266255360 
2945124000 1189085184000 
88952588582457600 28517360256000000 
410994727466400 4095833643417600 
8667164028827304000 3893570253619200000 
7653397752000 219309214924800 
1164470250533990400 168951528345600000 
4872348280800 5029516800000 
342530478501906240 1316517956812800000 
1982371974123340800 463407104160000000 
4051844830313280000 935041114687680000 
2940343837200 592433080565760 
198500542240 17858474016768000 
9149409111338496000 709596419051520000 
252582534876672000 120740002935552000 
2058376320 5837832000 
2546797327866792000 1548579078144000000 
59345202060144000 28797604932096000 
2355860707200 2381835456000 
625886256398832000 675812551163904000 
10327312915920000 14320487301120000 
10028024506500 314928000000000 
7273144639575360 72814820327424000 
7095990589191504000 665246642860800000 
148419224553600000 242597968861248000 
173451687881472000 4154850715631616000 
16508883864432960 84950623715328000 
192752239680000 575686689177600 
3384731762521200 531441000000000000 
239000361600 1577778048000 
2166053293404000 847372990464000 
755379643365547200 601313625712800000 
553230539248907520 7910745912115200000 
39026629773331200 72103152844800000 
4245464455071840000 979118567691264000 
310079689920 3385669032345600 
1105048590085440000 415573828750080000 
75590127584400 6472428473548800 
383331356100 667953313873920000 
253673093526652800 360515764224000000 
3004501500 257989017600 
31474151806897800 53371031868000000 
396554372177040000 114395353712640000 
499858452324000 2742745743360000 
2956651746048000 55595367864036000 
7396040282400 925783293029253120 
1002388524044040 66870753361920000 
985894398720 15622444249251840 
331403801289200640 4995070990221312000 
52621361432640000 39750540141312000 
26414429580 55662776156160000 
142077675868128000 92613596121446400 
14175550426752000 18235927710000000 
4862554200 149621542307758080 
388409935914000 797855721062400 
2760681 3131031158784 
6861254400 25729704000 
9271270008000 6857654022438912000 
1839186000812160 94175546572800000 
261625260536640000 267793112530944000 
389398464 12697896960 
42900639600 3482851737600 
20603255072400 681869007912960000 
1877246187616800 3240609120000000 
43364386933948080 34933766313600000 
47457937800 838061199360 
16054277351112000 9010748178432000 
1192186195200 14714929152000 
1550398449600 62489776997007360 
4597965002030400 131845765201920000 
2490952020480000 1246209079407452160 
4486993837641675360 8332994880000000000 
3865526280 99055002546339840 
1584865774800 866731272280473600 
2542512 11083077207982080 
2601775318222080 54935735500800000 
41064760354117500 14638911598080000 
4688422353572958000 1325667967303680000 
9020804817024000 4163448377088000 
1084109673348702000 220581781580160000 
9921071160 298598400000 
703436296563000 870600608317440000 
2783970104916 8876473335152640 
1699518737901600 6856864358400000 
1412776406897856000 297354689888256000 
378821575440 342882701121945600 
15891584108400 115112747099750400 
3053195476531200 4007319062947200 
1305093289500 2469035520000 
18486298313683200 44635285094400000 
6327155672838000 9270405365760000 
757155962338776000 1039695426000000000 
2035402459833600 26330359136256000 
4472256638874888864 3337345931673600000 
111073248 366917713920 
556920 11612160 
213516959040 42807066624000 
44525767366080 44951306400000 
7137978699186720000 1258348890839040000 
1123647361200 6696927756288000 
2128903920 1238347284480 
106879500 290665267200 
93963542400 41659851331338240 
1565148186201600 829937332224000 
13628418804000 533970262425600 
5832748308478291200 586884256358400000 
158160710400 155373797376000 
48784753809792000 1234217166581599200 
554588949410496000 1268713343523225600 
84362850 12899450880 
850727477600 2592487296000 
1387816125696000 29573847632609280 
157205483255898000 105595711119360000 
13864723735262400 2186242876558540800 
2633464793559600 5267275776000000 
1311281400 1651129712640 
844123555875600 731304510986649600 
142478172188352000 322546899419136000 
19733010537240000 10794125422080000 
132305137316352000 188656254586800000 
85489473342873600 181948476645936000 
48625542000 914353869658521600 
80694240 1268357529600 
47448213120 28538044416000 
97290 1847179534663680 
1335267046353240000 206965622223360000 
393765289632000 744323580000000 
101766230790 13695130288521216 
114848209476000 64729881216000 
32574679200 1828497162240 
17272710 27058293964800 
8335223650930176000 3506404180078800000 
47024568360 33022594252800 
2331418652362800000 635485608838080000 
318041195472000 208410602400000 
6820673815319364000 1804381399941120000 
207089127907200 5571843893231616000 
135017321955516000 33460369367040000 
462646767539880000 215591243535360000 
45939283790400 41493513600000 
666119614960800 848730960000000 
