6602968910538000
1636014380
6690279389713920
11265402023475600
175564706859360
446784592652798400
3881567501779968000
560625558292800
12330474156000
415882232333568000
4721207400
35077786128000
877022690544000
575757
12528895579200
1257326848008000
586900470822019200
206208273532060800
210710682000
17865277029600
60109785944208000
1204550915447880
1113024
241359326208000
7247802672190080000
588656836207440000
4302505350
87340858605
94140288
731749308249960
55440
44201943603417600
231567336000
25992639520848000
103893457187520
23121507296160
1766895530400
233013003795
3255840
1488432794808960000
23940589032360000
750512111025600
3047466240
330395329020556800
1715514208375968000
9810947270124000
1017748605663709920
5963008851833185152
2852994157104
10597357510740000
101922225077673000
441708960
8507274776000
8888443200
153385592068800
4134535541136000
240814160266680000
1670382062949600
131993381520000
217434080165702400
1028160
8717940
44105095057937760
11543717465280
782185911507000
2594450500321680000
3113340600386016000
42264944401680
514005972480
2064970806378480000
2675712891852000
470925468965952000
613715099797800
56517076816200
422480982924000
52035506364441600
20825
355194189670320000
1201200
396903479667552000
148363005150360000
7362064710
40602383640
23279256
3272028760000
2522520
82618503327360000
5662345837648500
408408
2104098963720
11275078924909800
4182058167755832000
560624763847564416
37856718900
7575968400
750836737295845200
49055369220
63094531500
14086333675814400
62699424480
434845125
1922970473424000
15106833225792000
110351160048729600
62588625639883200
57689114202720
567258276243859200
262510193088000
8848441706360256000
20123333822592000
1239277549910400
627213692785680
7106098837894056000
120763950753877200
7217289573622128000
446706645840
54358520041425600
257040
44334424134000
1911220785843969600
485721041551200
81691152779808000
300300
5317936260
410806629192960000
31426995600
503057546418873600
5030833455648000
8204716800
90129276357120000
7063882034489280000
1257708363912000
1427046875654400
7585788398379840
4586929886025527040
210468139931649600
189368906734800
51193413906534900
73085224212000
267711444000
1035636879028752
11062608080970600
6377822422171200
2325676241889000
8098822123392
959036878800
1108176102180
1381816800
101234490765408000
7795757249280000
1091690859875616000
3500640
1393855294305474000
5240182775196600
6504633841305600
1433415589382977200
500718201984000
924415647475320000
88158369041542800
155272637520
6938872022160
533363940235526400
271591320
2222979595200
1262738584800
192944991919680
2782860460380000
2657426009238
1009815055200
3151696010482656000
790669382420736000
13547570400
5608742297052094200
8673850785600
2730539909260800
3155170590
3843305262720
2025259829332740000
1553455318543128000
645122400
2682418939200
413932784369504400
371048061384
1676858488062912000
3526334761661712000
53721360
3416971521600
1659295483560
12893126400
2119362811301736000
75675600
35406640372950
23621598000
22449291836400
216444702474000
41762985264000
205931880000
241419578400
102268996143600
3755386514880000
8625996482419800
8185320
629483036137956000
129529505064960
1467104760
42135436696953600
220395922603857000
9354139552517760
132697402656
8259883225513920
236337105387600
162954792000
14002560
20960731100786400
360775826183520
419514480
4927752910080000
30474662400
185524030692000
51572697462000
146122376400
497105701933800960
4229820736841700
1847907341280000
1556878050
450057739851720000
21162960
1372879200
15639336741600
5130216000
3697662589901280000
1569146786407200
9265894644006000
582854663090700000
42375200
823350528000
989778052420957800
39640190990400
350343565
1126540202347560
1560089525188914720
11044215
19379980620
7351453601856000
5618058226260480000
16570190064460032
3885697753938000
15487281047838600
11127225386277000
8237275200
1294325145473560200
3438179830800
61627709831688000
111694721250621600
1578593385041400
6497400
132660673910622000
4433442413400
32189027270400
39671305740
8835488640
50597462916000
1090273504320000
46817151885504000
21420
590303734020000
790020
11131441841520000
27113264640
12454385680800
1354450584925838400
256868437617792000
270270
132237553562314200
4017730791589200
4039260220800
3776898216827736000
1281856364499110400
4547115876879576000
441080640
3936896863099200
2080119366918552960
882113170109371200
623342003324040
54190281600
34424376386400
103893457187520000
11835850046042880
5150813768100
1115046564952320
5430040
13155340358160000
98160862800
1753889306400
5478018651705600000
265182525
136526995463040
3344082277536000
3902794824055327200
32490799401060000
650443829555520
733625588527524000
1116672674526208800
1969110
472112277103467000
17383860
46609192309680000
5155206838301520000
2473653742560
120751678080
30285375120
292168800
287116855740
72273054926872800
3455808066428477760
78142721727470400
849877600
884825691750
23825781302400
531485201847600
2324444850
6367712347709856000
234654900480000
3413758188932
90597533402376
151944181136748000
10900139153904000
77658422965200
144152316000
1217566350
63562800
222768
1144455918102937440
10390206627964800
481563154800
199362240
1665299037402000
46539467187759000
2973014324280000
433629219703680
214885440
148156650065424000
523783260
4796061227717760000
1945837875241260000
26753508600
105747832580544000
3562650
5133075948000
515344529700
37162679053500
336941623418400
330048297602100
10685862914126400
32430736800
5240451516300
40864824000
1111055400
51373687523558400
180023095940688000
169951873790160000
841392966470
3445446284280000
110021754585600
8330493600
302702400
2756930576400
410891126800
7923562692645600000
63707359528132320
108271128262096800
18265297050
3011404556160
86050107000
132429867570
676509409489914000
11532185280000
46770697762588800
152807839672007520
186486300
299304720
296838449107200
7656547298400
3358285616070
7726160
6669139276800
84778860085920
4375169884800
997920
3294455760086400
1654052400
2810153174400
556789699209744000
9740530800
1552726375200
117051008256000
894921112800
15021546059520000
274850415840000
135664447443525000
179071200
9740011611330000
284294494759275000
8476605280
8648196480
917764802834880000
856033588410
4818265214883120000
654865695133650
216821934669740400
5415133233510000
31294887624000
3842751826762168320
3232508728700160
1135701567000
15084504396000
288374111625600
924314915684160
1020044852386560000
32482321872000
4155738287500800
667121876467200
41483862018318720
4602044961683769600
5776142115744000
5524379838435150
361767238232400
109212616333941120
2503591009920000
1678057920
41951448000
336504168000
845261746560
155937600
332560800
955899009772761600
6566120036540064
8463203427988108800
36298179918000
690506552736000
286514699385014100
3783780
27471006763200
12350257920
103819547832000
48870360
118979261826480
410646075840
10805283969705225
361008882234000
8339023455840
3800093497200
6552756980036467200
610470
28683369000
231310038960
38482246770240
3286811191023360000
18475600
16872415127568000
16963914240
208380591273254400
141365952000
19078674572881440
408336826588479360
4770617932080000
23279256000
3375433048887900
84651840
2692837454359852800
597500904
166971627622800
31848402643200
146512800
2275736519513952000
62355150
328426071573600
5348274388520263200
176749948741766400
7144262634015936000
82251
989461497024000
12289502369944800
1756950
884844170636025600
8962513560
4134123435103200
158960362661100
388297543642068060
72155165236704
28251705081600
2690688000
26464838400
88048098600
730842905520
4052180584906272000
1128243920840400
21684626964000
25945920
15460335891000
846321189120
8641108605153024000
297750813360
39658142160
400273125880320
13366080
5866372512000
275675400
445089015451080000
6474009360
765916444547654400
640550877120
347103900
50376210880881600
3084035834880
37063578576024000
1352025675
86040450265770000
52199439467175
481820366179152
7792009289064000
2641187564215200000
1282303549695168000
24216192000
230872258794177000
94948689051216000
116926744406472
29480149757916000
1650562349436000
345148546512000
587517500395425600
56397609824556000
161858927419200
5513590201392000
66611961496080000
11615068384920
81855451117440000
235717564282200
3959112209683831200
1053388241156160
57827509740000
56898750581712000
57433231264500
803927196072
167256984742848000
56540656972800
4506160809390240
23403002472289440
28137811321620000
42007680
10559153077200
1417681880532918000
56756700
6561494771832000
156584738550240
274023292462920
699003163230570
774364052391930000
23876160
15016756025700
44176860
93504111468768000
516365645796000
334103882112000
487026540
57936353263588800
1368033658992000
19141368246000
4719070356000
2473653742560000
2339891954400
801160227811944000
6163441836552
318536797640661600
212061161592000
4124165470641216000
2128052358432000
28094757600
2266024983868800
22170720
1011835695125455200
1304290155168000
209827678712652000
31225862828160000
214524782084527200
169961887789457400
2589742838707200
4019687331660000
1601377192800
427434516565056000
162792
21165235723632000
7939018530984340800
51534452970000
664411129200
1360974605311601280
44508901545108000
40225345056
2606243457141324000
522695735364552750
473066039279433600
15905368710
31747853585448000
1482030950400
34249560622200
59367689821440000
74464098775466400
891479728679379840
29640619008000
25989600
16995187379016000
535951464048
5294796939432000
1377448800
229211759508011280
66881645550720
910106425800
423543120
24024
17733769653600
336019282348381632
3858899838393600000
15033542433109200
13938082061904000
8603754359200
158685222960
5560160760000
5595404765670720
3344641114815000
25022938786560
77138650050
85680
130504920
44756712000
3160080
62659396800
2447989584980940000
126426409200
8262112950
23940
129060195264000
207785032914759300
4956643692000
891904297284000
205837632
2486159296250916000
4496388
101469237410661120
703964701440000
1081080
948015298137600
125531742912576
13589630010356400
542036524629600
1895261820157713150
642264091560
3776708306448000
15647156409970800
4019635980360
264144295800
12195821804166000
40217485223807892
59550162672
272922714968904000
36340920
21259408073904
18661382220096000
39480480
14624540081384688
9428274924262656
321658914070494000
90914307994692000
2354627344829760
428864063443200
555744898800
7420961227680
286635623788800
1852482996
489162050520
18504803116800
356898934959336000
11111748754906800
7936856928000
1823330173640976000
9234890351767080
58433760
57649578940800
82179374315781600
45661156834797504
52145533440000
222628836830400
287287068388320000
934375930488000
2920488480
51490181146060800
25241364720
5930838144000
37144988694974160
22003219840140
193135662720
750332049667200
300204844410240
34514854651200
2422728000
3352212864000
183783600
3053103689750400
351239667959980800
2129646018511851840
406427112000
292314592085115600
5000983843811155200
32676461111923200
33227040
4359832068963571200
185058707015952000
5608233007146
57891834000
39500637422400
4166115948165600
1764322560
86280065235
9330152832000
37767083064480000
7683757489568160
3132223894800
226919868832800
119128906512
28109701620000
2649339377685000
516242701594620000
56156937236400
250885477114272000
7373701421966880000
2389523345489649600
14602442400
139675536
137697505545600
12471030
87624075895836480
4695444558604800
796488739603128000
68712603960000
905975334023760
6480831453864768000
28680043392000
219880332672000
102428726400
23760
579802038379200
5819814000
1721884624966800
495097895635200
90252220558500
1947792
84305763768476250
389600464453200000
49319367295968000
74437703340
23751
713460
1693036800
1026025244244000
21720160
472120740
55898149507200
290385439344000
391287046550400000
18050444111700
2812069187928000
116280
4025465025129240
6000769864689600
1504203675975
247796496765417600
35275392872720
45405360
69153817406113440
6227020800
991493848554
1050963429035520
297295971789445200
1725928767645264000
748261800
231045684629760
148321451678400
2323013676984000
2471182560000
1939326973871086800
66611961496080
844732246176
103902066279648000
4593928379040
3729726000
167610643200
1998358844882400
10389345718752000
470861751360
7416072583920
3331590181920
86611730988182400
45005773985172000
140451455656512000
11896631165311200
470545047663600
1822733846399466000
2106270222506049600
13036383360000
1161546078587895000
62945138440800
3902662977333120
186436769238720000
115775100
154052485947360
13695046629264000
1041562197942552000
3788146174926960
3440197414519145280
102748681866600
56729967208200
11240182800
97147128798720000
87809916989995200
24091236449280000
237233525760
661404744000
172080260352000
712142424721728000
7495920432
1189792618264800
79272841727079000
17778798007850880
227317447445961600
3022020054900
54081027000
387599612400
966381570
9922885298726400
3814853060343124800
1148482094760
21652932747045600
961727662271376000
1168675200
744631475004144000
15616500900
1365175144216884000
2201202465
312570886909881600
40464731854800
3539302767000
35619543047088000
88928874216000
51772281976800
25433658025776000
432055430257651200
964409442539400
221937152831856000
2125940807390400
362880
1701700
39146184637560
7699613922000
1340200198260
1517923887480000
370507737600
24360
66512160
324907994010600
15839205782400
146781964353024000
137943698246640
687360911773536000
68125869711900
32265048816000
2923145920851156000
3032474610765600000
13995229248000
92418273851904000
8560335884100
45508998487680
964724959598400000
13048728212520
8380532160
562749037250400
346943601108000
36404205444647040
739460423094393000
1460401264930608000
578256719040
4352541690888300
40071985927974000
363896953291872000
1228641933756837600
13357730209824000
37178326497312000
2592332581545907200
11767536
24361430184
406980
5731377014346984000
6190831449162360
27243216000
58865683620744000
10617908301000
150570227808000
23892224206032000
3274453707257304000
445506010686240
253427292518400
8261072820
77177996767872000
1955457504000
1607874932664000
1071916621776000
282517050816
254251200
3338167615883100000
1926252619200
797448960
1692884460960
18068427336960000
1490232744000
18027009000
511730090566695000
937845656300
6715170
192928249296
2580148060889358960
47224298721600
108769199225702400
6055322318004960
953713265085781200
186157868751036000
2776991401800
290386519646973750
41078933280
5337155314947456000
3960783165081600
4027520
41618713133088000
85140
859541760
592626600261696000
2095133040
22232218554000
30416585463384120
1378131955200
756787424724297120
1875830124168000
504064668633926400
2984600016609120
32468436
12466840066480800
41759551573740
107014034400
6108795
50449473360
54834
729310143889126800
50757848842100400
8760482208878400
453540765506400
14250600
20532303792000
285012000
8506680
449755225920000
150008608191241800
173284263472320000
2710578370500
1670760
8177284393258780800
39755149434000
160287943711896000
6098094226224000
380570190
171004207374000
15471809238600
530050752
6897184912332
546983154900
5665347325241604000
2886206609468160
4914567735027350400
20961806065200
172181100
6666332400
82372752000
8961115245946500
500557824863896800
104809030326000
21268186940000
714611081184000
929236862870316000
198457705974528000
4638100767300000
2847242152755
14733981201139200
57883497575904000
1362649145
