114673247150638176 780158789222400000 
2035917450 522427760640 
1326058308102528000 463067980607232000 
50803389000 3269984256000 
727314463957536000 901083401551872000 
256460709939033600 600579238589890560 
1018865647800 123834728448000 
1485120 21288960 
4967193412434052800 1397925693964800000 
91593110692512000 251016090432307200 
12864852000 96486390000 
4375992416738342400 3470985956037600000 
260133975315764550 4407984230400000000 
2527062175638000 1140694410240000 
99925936830720 3468799298764800 
74382235200 7314830957268172800 
248170358800 2493692371795968000 
112927670856000 359315316360000 
2064118448711487168 7708482522316800000 
3450197988398561400 6690544256522649600 
191350405209600 586503162685440 
29208025298612160 470184984576000000 
113717797903710000 18124366740480000 
672827725628744400 7836416409600000000 
204825039499080000 82017336360960000 
13898372426400 2330606960640000 
456501554308800 352066176000000 
3435630198000 11833335360000 
2300265728645280 481469424205824000 
1323152851738132800 4587333680627712000 
42238039221378000 14711336640000000 
4877125344000 144533304115200 
467520557343840000 1230024323487960000 
1856617108632000 1508855040000000 
30405943383200 2495937495082991616 
36810323550 102876480000 
23844054399165000 5766843962880000 
855512658000 10354168440000 
648972324000 56207396044800 
60716955499200 43589145600000 
25333956648000 413195210588160 
4345226494769160 2812709657640960000 
10950462867708 21666124089262080 
137268990003600 2600529297408000 
996534753464250 1044111918366720000 
2421900 6606028800 
11281485600 142068326400 
40073190629472000 111908095313414400 
464154277158000 646652160000000 
3246320 724775731200 
18595558800 1994953897436774400 
62042589700 1781208836997120000 
28231917714000 159077678760000 
333933216066450 14105549537280000 
15462105120 68576540224389120 
10559509805344500 10508097600000000 
1094426927193600 8238398334566400 
3990729600 13471920000 
21622847400 98354995200 
10682136370825920 7475538470400000 
11576351490303600 181398528000000000 
1496065783500288 10921294484100000 
32199833912400 3085944310097510400 
822031610400 2759049216000 
478336681662840 182826127746662400 
21828856504455 57063042868838400 
389752789446820800 184388362724966400 
1749695026860 69331597085638656 
91390 5566277615616 
542115674100 2360519884800 
471907035600 9674588160000 
1408633367581440000 482960011742208000 
312114345903360000 1774785726185472000 
3147075360 2476694568960 
13980063264611400 1604898080686080000 
2662057523139814800 3792438558720000000 
20088653957946000 7189943401473638400 
139885119141768000 28510570408320000 
5651100 8493465600 
6201593798400 37242359355801600 
46305405961214400 121899810816000000 
1563341744336692320 813004016025600000 
26281446626635200 18332588736000000 
60233040 128977867898880 
240576319120737600 228657379507200000 
71628480 1703116800 
87315426017820 88764733351526400 
472754401572398400 682638940569600000 
2220398716536000 2970558360000000 
3805701900 180592312320 
706860 1352914698240 
11510922813390000 10180971440640000 
1070190 1979120929996800 
4151347200 414060366720 
4758977059200 1916353161241559040 
1323241920 4610390400 
47086175136 634033809653760 
5852143985688000 5407736463360000 
621368010120 37572373905408000 
36237627398700 103132687446835200 
1913346726651360 1687223978919198720 
36211079686320 42797282151628800 
652524600 86973087744000 
58019284644750 293932800000000 
17315576197920 50059409400000 
1100374899624000 3708162146304000 
48154784796518400 549501168915578880 
1221511200 332492316239462400 
208606320 29023764480 
459465850116000 544739779584000 
68842273500 13759414272000 
559540476567072000 119744395714944000 
246388562124705000 50489307348480000 
1837571351616000 633568231296000 
3451533721262827200 2333238566400000000 
493506 7730941132800 
6707777940864000 2896311914496000 
254336580257760000 46217135188224000 
73329656400 116756640000 
462460400561359200 7346640384000000000 
4693098009600 14456417976000 
2880165277271842560 3213740526796800000 
92891174376000 397303087104000 
4300246768148931600 4894774033121280000 
2580360214251456000 1955988047555942400 
511510145930784 2191721811148800000 
5220373158000 4526565120000 
15306773813210880 1554022085846630400 
2655025939432944000 3928411872000000000 
1693446300 382205952000 
378048501475444800 254063755008000000 
1350921799846080 31423240706457600 
31744440 203212800 
4686825 5159780352 
11285518812803235 1109559166894080000 
362028105504000 15447144026603520 
1729827792000 1743565824000 
321890272704000 6407643149107200 
46329473220030000 19120211066880000 
5339572260422400 8230561417632153600 
349596505440 6583347861541355520 
6660388864080 2674830134476800 
69872686884000 50697529344000 
7208625360448512000 2076750355680000000 
3374483025513600 9296892238233600 
413439586560 1004539163443200 
355505736801600 16187730060902400 
422788489211088000 721031528448000000 
35006921913600 106662334464000 
9513645837696000 6639498657792000 
220861941300 497922163200 
135511977987886500 2654100200934604800 
172121881932000 573547806720000 
314828658144000 340800058368000 
6171085832907996000 745688231608320000 
30169915776000 478239723561600 
2424381546525120 46809527353344000 
600805296 5944066965504 
3252219147777600 104744135688192000 
543454231320 7558272000000 
13167323967798000 13256679673036800 
12271512 3206175906594816 
774450963000 1448500838400 
71531171712000 143470559232000 
458539507676250 963878952960000 
5157269746200 75582720000000 
275877900121824000 7122601226797056000 
3761965468800 3083377154457600 
4009554096176160 93619054706688000 
2691310902514977600 5485491486720000000 
125970 26873856 
38587838301012000 544195584000000000 
221299562484000 509872295116800 
112760060212800 82987027200000 
280784686182000 853298675712000 
37553865148800 133905855283200 
6422640915600 20951529984000 
2411812398996000 970948218240000 
1017731825510400 871156318032000 
5576077557007776000 3153791905431552000 
1176860089805400 178322008965120000 
472518347558400 18010885410000000 
19958400 581981400 
555499838902694400 117690693120000000 
11046871796360400 31744742400000000 
2715913200 14224896000 
8908635187355904000 4263371138138112000 
845180020548864000 1330823143467417600 
2775720467520 149824733184000 
10129612075783200 27335004681600000 
1718402279433840000 266922491996160000 
300334694918338080 1887791638118400000 
8000459103532896 86684309913600000 
486206762592751200 262815992119296000 
558702144000 1080647568000 
19075243519332000 4119174259200000 
134891640 97409858273280 
277200 2162160 
27028122311582040 2407347121029120000 
14596714292160 4794391461888000 
78218300160000 2380891727214000 
1853178928801200 2370274099200000 
9849180054810096 2377626786201600000 
489108808188000 271593907200000 
121112657265600 240045120000000 
58227239070000 69132994560000 
164910249504 571536000000 
11184050611689120 1348114387776307200 
1825305300 108839116800 
106024464000 9155955916800 
333352462647204000 4665875135201280000 
206726777056800 180066760473600 
42409785600 3923981107200 
1712879009899200 36021770820000000 
2137172582825280000 1182671964536832000 
21963038400576000 63712967786496000 
1438818368315328000 395980144560000000 
151800 660602880 
6162770983168800000 1662295315000320000 
137813195520 456608710656000 
354320717678928000 178965175585996800 
3150404178962040000 1867208112000000000 
88519824993600 339914863411200 
471333196644710400 86432045027328000 
2110308889689000 2681449873617715200 
1200068865529934400 2284227882123264000 
7852869024 52907904000 
208628752132944000 430062532558848000 
297301432428000 390558744576000 
1117674558000 7023034368000 
137225088000 4705319619000 
40156716600 214592716800 
698523408142560 199720650040934400 
1121099408 126806761930752 
562756226432400000 6574203230114520000 
26701306632000 9322427842560000 
4812990 111325552312320 
25579501693200 460450988399001600 
1666994614603718400 625752362188800000 
11243880648000 6538371840000 
400400 5184000 
1372689900036 445805022412800 
29234089684800 21794572800000 
742386265612992000 309322525704192000 
38608020 3522410053632 
1938063534907500 3354750574560000 
103511957789037600 2471543044256563200 
7426468434528000 4526565120000000 
901292763571200 9474158084751360 
62639327360610 34519618525593600 
1870082229375360000 5003583107763240000 
93735639597600 975198486528000 
5089174272000 2807157951037440 
30240 360360 
1170798893199936000 1001615797518336000 
5003583107763240000 448166159400960000 
4116082665240 3895503726512701440 
1516237305382800 814781721600000 
6608858256000 112368549888000 
2102342864428366560 6067901693952000000 
55954047656707200 17106342244992000 
431520 84557168640 
284216685480 3652869685248000 
68643960 1492992000 
466283730472560000 99786996429120000 
565722720 1880739938304 
208179035064000 2142493684531200 
4465298384426880000 2905306320636720000 
2891375487000 124853944320000 
8630889276794400 22527085038796800 
549075960014400 13931406950400000 
1253187936000 175447371939840 
1046501042146560000 1696023046029312000 
7356744003248640 555007887802368000 
67677131789467200 161273449709568000 
243110689818796800 58077087868800000 
154130926950 1053455155200 
171602558400 5804752896000 
9196246549776 142023573362442240 
1156550194800 89181388800000 
145297152000 8151813469800 
4927771242494100 7057326528000000 
191122078584396960 943895819059200000 
76790120859802350 2256887925964800000 
1553560069822992000 622310724196761600 
3350299843800 5236753980771532800 
1388749597256736000 348545514240000000 
25225200 116424000 
13537833083775 47029248000000 
6014331144264240 131066676589363200 
35607121236086400 7780662489600000 
313829357281440 27738979172352000 
3108558203150400 3450600590976000 
1501074932328972000 207135619891200000 
7335832664160 321052999680000 
12387559684500 40967700480000 
28771106364000 45064470528000 
207080076348288000 491612405760000000 
14869931076000 240789749760000 
5531151225600 9170066505600 
3573867195360 508547951493120 
3679075400 173133498956120064 
289018841202000 244434516480000 
619638774955200 1115882127360000 
431623806451200 1508510158848000 
2238161906268288000 536632291907712000 
237241065600 104639496192000 
645999354 36528696852480 
637408200 17915904000 
1052049481860 43873901280755712 
457736685120 452042623549440 
1763580 41472000 
391227936 11741366845440 
19535040 1476034560 
55175580024364800 1165516564384972800 
1295295050649600 9241827385190400 
599673634560 704132352000 
283629138121929600 1753831408329000000 
2958130071921024000 1341555588172800000 
2047736556261396000 3861786006650880000 
4049411061696 9510507144806400 
667410433151862400 2491884962316288000 
696927647152737000 312615903600000000 
437437000 18579456000 
91962465497760 520753102328954880 
205403314596480000 2184351662997504000 
15713497800 39956716800 
666211345257427200 685972138521600000 
210456430800 200385994162176000 
22123939780800 2568423997440000 
30613591008000 13143932281159680 
4102358400 119189790720 
196388831935296000 53384498399232000 
1018718931146716800 663676747776000000 
821702797755840 1150082841600000 
1373417533391904000 238421729145600000 
2293464943012763520 3604333606207488000 
2844045894412800 336858954124492800 
10738244595078000 248821893837619200 
55539828036000 548549148672000 
51400597248000 953995084922880 
710541713700 8523362598912000 
4342963996800 56184274944000 
50985562137048000 54909769782067200 
3150363932709840 200612260085760000 
11810799000 143061811200 
20881492632000 11769069312000 
19059440400 14286779213414400 
266681970117763200 622971240579072000 
901078170056064000 240285165120000000 
504907527600 9142485811200 
395334691210368000 632188672199884800 
776727659271564000 3559835660451840000 
1710170658000 15999350169600 
154143080 153896443516551168 
921200 9499780463984640 
2565108000 1889324236800 
736699060056960 862562131200000 
1866773790824342400 4713486105968640000 
51134498071800 20311991333683200 
59526426960 696729600000 
30388836227349600 143508774578400000 
1877693257440000 3161666027520000 
7576431508800 2674485068751175680 
3776490432 2568423997440 
29135916264 48693796581408768 
187600953004920 11145125560320000 
2463876455040000 53068305688398000 
15237331200 148987238400 
245544502896000 1609077502771200 
2911175626334976000 326787824563200000 
121961884524480000 8022411582780394800 
3788624124099360 16253308108800000 
236869961263135200 149327268249600000 
1770911202060000 1566303298560000 
4735922528937600 2037792556800000 
18407025 61152952320 
13076910 6764573491200 
211189410432000 1434719170684800 
39264345120 96018048000 
8094685561003641600 7305901251264000000 
320415679584000 38088776613888000 
52933853700 1451188224000 
265034329560 1285956000000 
69869103669288000 357128352000000000 
8219894549328000 24136162541568000 
455089984876800 4960116000000000 
259445894400 1233350861783040 
14872858000 70543872000 
1319933815200 2037792556800 
893252440080 6575165433446400 
22050856219392000 13859305059600000 
9521113377600 241361625415680 
215340392767500 304977324960000 
404329948102080000 54373100221440000 
1270412488800 5587074662400 
1906884 4274901208793088 
1662295315000320 2309884176600000 
632720478390 2958824445050880 
60766248400 1574640000000 
178953986914560 1504397851172536320 
28353275394388560 1003061300428800000 
883447765200 1131641280000 
18752166266130 57776330904698880 
165197664510278400 71293400640000000 
378567189000 3901685760000 
857757104187984000 115336879257600000 
730792152540450 522055959183360000 
10840730492592000 282003442237440000 
122332313750680800 1567283281920000000 
1369297776 19568944742400 
2360603700 243524645683200 
6353756327318400 3650222112768000 
17538893064000 438839318937600 
438511345272000 164766970368000 
120679663104000 7123908609417600 
3623901336095040000 1590801560764416000 
4314409285586400 1567081094971392000 
2151252675 53747712000 
142959517364664000 26362715258880000 
384691064908550400 200858782924800000 
2677114440000 6884849664000 
369600 9261000 
177597094835160000 433539007930828800 
229060992680 713288035860480 
54915168000 417263616000 
5068545850368000 2511890175680645760 
5676792471353203200 1110117462854400000 
41309251663680000 48689656823808000 
2981504425916592576 4290873340723200000 
17651304000 68976230400 
265182149218 5777633090469888 
30030 622080 
6476475253248000 23849877123072000 
1780977152354400 6826389405696000 
1556670300193008000 322210964275200000 
8621481140415 78901985201356800 
326918592000 194284887696900 
4689575310420 39137889484800000 
3764255695200 10011881880000 
257002986240 301771008000 
1337856445926000 920602755072000 
352067485770000 1391133052108800 
2649169819964828160 8419181441932800000 
273688392978000 65256994897920000 
2157084128628000 64497254400000000 
2470051584000 108222351237000 
4807202400 544997376000 
458882401417440000 816903549000000000 
2978525900016576 185365728319242240 
725765040 7599824371187712000 
2409132607441560000 934537660056000000 
66140474400 613122048000 
541163739275280 718994340147363840 
2289250563600 318205537026048000 
585722432458800 67706637778944000 
252252000 2648646000 
225710376256064700 5695737056722944000 
8145060 400771988324352 
6318810667518148800 6792676783200000000 
4240549272960 4315325414400 
20863258416000 81935400960000 
776363187600 2821754880000 
58525504128000 7017894877593600 
4530563015068818000 3344930808791040000 
1748563989272100000 404399932896960000 
20975724000 274306160897556480 
169192829473668000 483820349128704000 
3325608 55987200 
3283060018270032 1585084524134400000 
477949504886380800 1506096542593843200 
4231601713994054400 1104723306086400000 
1420494075 1025976290110341120 
41230978682400 8425714923601920 
41383109473992 234827336908800000 
41843914304192 23776267862016000 
2422728 477757440 
510022426193280000 776313500355993600 
23415977863998720 121407975456768000 
2077869143750400 3233837847240000 
475499026184 2853152143441920 
248213662584888000 486091368000000000 
54606308166970560 629263879372800000 
55008718391226600 7734951558512640000 
392251200 8957952000 
297436066200 22918374988185600 
40653961508160000 1084109673348702000 
4192146220157280 20570593075200000 
15924201321600 206597605294080 
80178339021580800 2215008855392256000 
1870026009972120 26121388032000000 
205323037920 864448200000 
3276378490018233600 5792679009976320000 
1643405595511680000 272011960636416000 
771891120 11668860000 
3234639584816640 6273179136000000 
8436207563784000 12978567512064000 
849092891014368000 656040112358400000 
217803247200 14627977297920 
5337593863200 702142910300160 
19829071080 730573937049600 
207127375805750400 1661256641544192000 
204367128232667400 222213196800000000 
11224967463021312 878971768012800000 
594853223956992000 4258634059095736320 
1207967112031680000 856585455796224000 
7545863196283104000 1715930305689600000 
3237004680 427490120879308800 
164213035786800 15410543984640000 
1803912264000 2971650076390195200 
8108100 57657600 
442422085318012800 184120551014400000 
4709315445120 231445823257313280 
194148771821034030 431982454579200000 
396842846400 5419998904320 
7741468800 1146617856000 
363071790132480 1058158080000000 
4118637600 29262643200 
8957060640 20547391979520 
23408575942752000 11716762337280000 
677225292462919200 4976437876752384000 
9738960 652298158080 
411675264000 11645447814000 
63841570752960000 252040576499712000 
3675726800928000 2723698897920000 
326345749272972 1754956051230228480 
69458108941821600 75090283462656000 
557523282476160 4944216195072000 
5292967680 13232419200 
7024793359199616000 6343566717616128000 
3287957819731200 37652413564846080 
66182725840 66045188505600 
16245399700530000 3295339407360000 
444318624288000 1119954511872000 
2725761464419593600 1158517760400000000 
558336337263104400 465589555200000000 
2203487790910005600 4072977428889600000 
43744217455738800 5118621816088166400 
17317239656808960 3954468870810501120 
509658876225058560 1601926047203328000 
14244300 414720000 
24765528824400 2191220846163394560 
347290544709108000 194678512680960000 
14440355289360 42326323200000 
1040059683459276480 1112448643891200000 
34454462842800 33949238400000 
3392978585472000 5556345751756800 
8562281253926400 4881984307200000 
3851312148684000 17854114037760000 
78737937261984000 43802665353216000 
73960402824 60115798248652800 
722442480800040000 6366327200052019200 
52873916290272000 30798749076480000 
2832531229836000 7844252826009600 
9614852367120 375723739054080000 
2566537974000 12236744520000 
4170489797760 2054739197952000 
210041531481600 279353733120000 
60568200 3344302080 
10944269271936000 19511996055552000 
1236826871280 1089728640000 
15142687560 490497638400 
23890293677250 41385738240000 
1419269280 619173642240 
270122988687552000 92395367064000000 
46306798060723200 75456216435600000 
3961781346322800000 4198483024172236800 
360341520 10871635968000 
58692289856200 5410421842378752000 
1505702278080 5108103000000 
21621600 86486400 
29760 56371445760 
23385348881294400 2871307775508480000 
76403919836003760 94810963968000000 
279676320 29686813949952000 
17800871088 97844723712000 
7484400 901800900 
16215368400 53271016243200 
11240768502463500 15560067600000000 
10601015040 290200202772480 
20432412000 6699478886100 
1367452800 18819440640 
7019675863200 3366484701924556800 
2448319767677784000 4235896526045184000 
496922580 74410308403200 
9832914000 1525992652800 
1378465288200 3046798700052480 
9330691110048000 8171096693760000 
143317811894400 679829726822400 
3968428464000 21697708032000 
911665086820488000 486777697005600000 
1101716330 2705210921189376 
125854344000 1981100050926796800 
1401003270173707200 607243740364800000 
1627973369322300000 2260811970537120000 
28120691879280 773967052800000 
348330136 7925422620672 
35286451200 139675536000 
62765871456288 24410301671669760 
29640 6184752906240 
1888354153224000 4799805050880000 
1672823267102332800 1609077502771200000 
29775081336 2922295748198400 
136461357484452000 20007417830400000 
253982828683584000 8309701431263232000 
367247965151667600 1851353376768000000 
6800888243549400 317374864588800000 
1566111947400 3259126886400 
44476294291228800 20922789888000000 
4574704555669248000 410818979450880000 
1029188160 2724321600 
1177930353600 980755776000 
467187965244000 553063956480000 
3636572319787680 52010585948160000 
86725843940736000 1133141104263168000 
134531928960 587068342272000 
8254441932216480 72236924928000000 
2500491921905577600 1004293914624000000 
324147586425062400 867746489009400000 
16338230555961600 9053130240000000 
377689821682773600 214454509869600000 
92529353507976000 97996019788800000 
155039844960 2864796873523200 
552524295042720000 234889555380480000 
860942312483400 4108539086556364800 
247548947817600 431101440000000 
45126110279250 62078607360000 
3031901580793800 80621568000000000 
3698020141200 420810587740569600 
3934071152550 352638738432000 
71038837934064000 68453527568025600 
7087775213376000 11799717930000000 
125442738557136000 163900766866636800 
7301221200 181398528000 
2347722279302400 952734182400000 
194699232 9069926400 
14340021696000 27376405056000 
19905038761608000 508307583125422080 
31967895960000 403911180288000 
2636166601164096 188351093145600000 
51214363200 75442752000 
226826203155108480 4819508936300298240 
14127764068978560 18401325465600000 
969663486935543400 5474081664427622400 
1271256 7916483719987200 
31085582031504000 14952602560896000 
999179422441200 4410829080000000 
1665795090960 64290506460364800 
924860291846400 771714687744000 
8682524636385600000 7833566671939008000 
7277939065837440000 532197314288640000 
189410787720 218198082532147200 
7945792054200 74484718711603200 
9243149156841600 37768318156800000 
123898248382708800 80386946640000000 
9633467324098800 1062882000000000000 
469544455860480 423437414400000 
278460 8294400 
38669430800 211631616000 
53439750 184968806400 
172574273256000 2454728428486656000 
782574093100800 355687428096000 
2916374154239145600 434446787174400000 
79080355200 90687563366400 
293758750197712800 114535928707200000 
277294474705248000 868067024515891200 
53148160800 33435376680960 
14867287532697600 474531744071024640 
518890100064336000 146459529216000000 
7111676623481100 122444006400000000 
526694120578080 532588400109158400 
43364225608704000 1309018206980484000 
12093120 156764160 
83628492371424000 80343513169920000 
66152568658176000 45537716624400000 
57424104738000 29422673280000 
67954613126400 137952460800000 
320275438560 59929893273600 
3410336907659682000 5598208958791680000 
25622035084800 3854221443072000 
12108096000 122216094000 
102087297312000 127800021888000 
400580113905972000 152714571609600000 
21632410800 882895749120 
2062082735320608000 279633086853120000 
1333409850588816000 8903251533496320000 
51128530689600 650132324352000 
73358326641600 953527409049600 
15033438566546400 678063935324160000 
826907108227200 343264521600000 
104913839356326000 24509086842240000 
657767017908000 222304642560000 
1422173114172130320 8886496208486400000 
1049138393563260000 214579556231040000 
96472495959840000 31361627449152000 
508673160515520 378291513600000 
1705300112880 20894414599618560 
672980 247726080 
4800275462119737600 4499236737515520000 
445739864339689920 688658684313600000 
14820309504000 1263531087819000 
8543347399844056800 5587074662400000000 
213717258282528000 175607964499968000 
10158220800 89392343040 
680487302655800640 303621870182400000 
308880 2217600 
160626866400 609638400000 
9617286240 4701849845760 
40475358 3283124128353091584 
32157498653280 64812182400000 
69065536880340000 60046954007040000 
206520256800 783820800000 
62633895420096 730573937049600000 
163881900 59454259200 
1498769133661800 2627024400000000 
2797702382835360 1324020297600000 
112173277616400 3131031158784000000 
11990153069294400 8931882960000000 
1544489100 19508428800 
1584712538529120000 740908768971571200 
28941748787952000 7391629365120000 
26786892132000 502353602150400 
5925095613360 499415777280000 
8245512475200 5557616064000 
2681289975 696570347520 
2131829651368216800 586642839552000000 
34023280243352400 1066379545018368000 
963761198400 1609445376000 
3097803852000 5311169740800 
84194178292224000 615505703853680640 
248648400 28665446400 
3879876 302330880 
7159918028886 14444082726174720 
3448592456166 50722704772300800 
259850707829032320 4760008825975603200 
248903172109912320 1153650445516800000 
7042805649864230400 1143953537126400000 
41186376000 109734912000 
79306299072 15695924428800 
43891176714840 228252171475353600 
357305540592000 286053768000000 
5395568881182480000 2078895758940000000 
314331712002000 3156079408054272000 
68575363744567680 247210809753600000 
3658746541249800 89728367984640000 
278256 130459631616 
2480637519360 239544145155194880 
1011669165221715000 859693734900000000 
69460197091084800 15839205782400000 
4363886783745216000 5689698049798963200 
1110352242095712000 285988384281600000 
4242914387488 9629388484116480 
1645622888775465600 365022211276800000 
280512334406304000 2540267624594700000 
1416317199897600 18948316169502720 
13008876591110400 142832912302080000 
19632172560000 21436519104000 
25035910099200 91968307200000 
4114057221938664000 474528874659840000 
2545620 4053239664633446400 
1123138744728000 1991030243328000 
190487121512688000 3561300613398528000 
125764386604718400 164729309346201600 
149888905246080000 884254754576793600 
1372411366700774400 217223393587200000 
41345355411360000 11087444047680000 
124950 29554872554618880 
2313026876160000 182372060401090560 
28769630922648000 28158856298496000 
141159588570000 6292745869410000 
4721122771034670000 1215950818642560000 
391266980548012800 279988627968000000 
21416915520000 46107629568000 
27287114227144200 112870195200000000 
17311115232000 150851015884800 
670604734800 8427641241600 
807191573760 1808170494197760 
1451525400 321052999680 
559809169920 3742877268049920 
18918900 69854400 
12577083639120000 2667655710720000 
60354894600 9740985827328000 
2046330 506654958079180800 
9170790153525000 29157338327040000 
14725620 113246208000 
1498889052460800 187957532373811200 
1266201509472900000 2617782281674560000 
2293653523779072000 415954216694016000 
897612484786617600 290527882444800000 
10498488000 602222100480 
343219800 12093235200 
5458454299378080000 572212149949440000 
885198249936000 1463399704166400 
10593800 14249670695976960 
331743506640 1426576071720960 
33308645610240 1020235087872000 
1285014931200 3072577536000 
356071212360864000 65046338413056000 
3747960216 21772800000 
113658723722980800 130156491335270400 
323581286368390050 604775436410880000 
4961442649363200 2262743683200000 
1624350 63331869759897600 
15820024220 259700248434180096 
29260 35389440 
6393385628146440 1083306204463104000 
197694604800 940972032000 
682587572108442000 1134213192000000000 
235272523831800 2556424320523960320 
1053135111253024800 560162433600000000 
1951331488666560 15303526318080000 
390700800 39729930240 
110270160 359251200 
1369504662926400000 1414282375554048000 
68971849123320 260376551164477440 
343680455886768000 71179331198976000 
482362479799200000 430415751205440000 
545006957695200 565820640000000 
216027715128825600 50190554050560000 
960055092423947520 1730475668275200000 
23679612644688000 7743611715840000 
9004099622918400 29785348593000000 
6559475850363744000 1281227961581568000 
9034213668480000 207137580267618000 
262644801461602560 6990222751432704000 
15339390 2968681394995200 
1009756800 458647142400 
3273923431353294720 1913737848422400000 
1201338779673352320 4944216195072000000 
625897752480000 1301862481920000 
211315436640 83494164234240000 
18589163248656000 52863055980134400 
4900896 97200000 
83140200 587865600 
1944827050371004800 995515121664000000 
29432841810372000 17349821153280000 
75285113904000 326895889320000 
11357015670000 81831356006400 
126713646259200 12466840066480800 
320896784208000 2204496000000000 
252032334316963200 169375836672000000 
2054455634 21641687369515008 
329491008 4180377600 
319207853764800 1137731567616000 
25224736680 328758271672320 
69575220 1063975411966279680 
19766734560518400 126437734439976960 
44187487185441600 22370646948249600 
215100325440 217945728000 
476856632542890600 261322719436800000 
753146240 3170893824000 
153675149791363200 2847868528361472000 
350780233219416 159813048729600000 
389753179200 29255954595840 
9826716585972000 322486272000000000 
19275223968000 13338278553600 
832716140256000 3825881579520000 
308172091827600 230130790170624000 
660296891053800000 268445206149120000 
5950689910304139000 1991688652800000000 
24986401440000 82044458496000 
23490885600 1934668018483200 
3407104701000 236401695129600 
169282782192048525 6040933241978880000 
3858899838393600 1716322608000000 
804731928 834941642342400 
14456877435000 457797795840000 
21372368335718400 28941748787952000 
14135164243200 10788313536000 
5791578138921120 104021171896320000 
150995889003960 2889476997120000 
10501920 174960000 
134607933139680 1227364214243328000 
256782124298700000 223981371694080000 
799302545976654720 1454967360000000000 
5501082228192270720 2649790867046400000 
12629126743833600 4525487366400000 
19803915825408000 10561985280000000 
1061790830100 6772211712000 
2243465552328000 8591549499703296000 
2147648919015600 142183939335782400 
11950018080 32006016000 
20900514234600 537477120000000 
7143171235200 51489989591040 
4248796844754000 9599610101760000 
13219291800 6155857740662046720 
422067169824300000 2001833509515840000 
61865522134416000 36154580926464000 
3484520515476000 11798697738240000 
708930508 676302730297344 
880350706233028800 326843867750400000 
1052427228652800 476367091200000 
1032481562112000 4565015543088000 
438910798926600 1053455155200000 
205702861096933200 116143430860800000 
784885907520 75144747810816000 
717084225 32248627200 
1689515283456000 175248151791672960 
19179753948432000 35838544379904000 
16383239455564800 15277157280000000 
117427064990400 3861786006650880 
439049584949976000 1736134049031782400 
951730493224896000 228790707425280000 
5080338900 535088332800 
450307266615360 8569974738124800 
4407480 1418633882621706240 
45379620 601157982486528 
2622845983908150000 1133905694201280000 
3363753349756800 2414168064000000 
4626200779200 133772083200000 
1647507400 6794772480000 
81436698000 3265173504000 
20649010462080 3051287708958720 
1482709536000 6436248698880 
3285138860312400 189578585781043200 
7309837001104 415989582513831936 
218721087278694000 5971725452102860800 
763275922437600 8776786378752000 
205086088350 7873200000000 
7005016350868536000 1127738374963200000 
2332538208000 85019590656000 
1913349438000 38642584780800 
636699331966698000 987614208000000000 
1967107222080 33443020800000 
172574273256 100192997081088000 
3805096402899792000 2062150171361280000 
1860540993511200 3558068791200000 
2027259190698782040 8427641241600000000 
63277250400 444426393600 
3030572603520 5051805129863331840 
39578459880960 25935541632000 
406134992513250 269007298560000 
29070 14745600 
763298869132800 728603465990400 
1982657476800 62426972160000 
972442759275187200 283345792329600000 
12490742103840000 50586656440320000 
1738090597907664 2009078326886400000 
298046548800 5417769369600 
1167502725144756000 433745528832000000 
125613180 7093169413108531200 
211183061544 267483013447680 
42008306296320 126978969600000 
27102641005440000 583751362572378000 
84733926465988800 1281540837762662400 
80393746633200000 58722388845120000 
15816999606984576 816188070297600000 
24286782199680000 31662767904768000 
3093124102980912000 355896655994880000 
16693840251271260 3249918613389312000 
1700752645912320 195885136871424000 
1383862233600 3293402112000 
3931426800 326517350400 
311458643496000 347640201216000 
185841094158720 3146319396864000 
90720 3063060 
1508450439600 1805510340771840 
871156318032000 12434232812601600 
1144066000 20155392000 
64831703818231350 4176873841596825600 
325231692065280 1264936572900000 
307160483439209400 5642219814912000000 
2797702382835360000 439062784288128000 
37804850147544480 87824507904000000 
446529838442688000 283125803360400000 
82198945493280 2633035913625600 
5595117821836583040 3556892570112000000 
629494320 714338960670720 
916979083020 137594142720000 
3275072579626848000 647647525324800000 
21092416800 279353733120 
32965208115840 642905064603648000 
71253000 84934656000 
139709319750 5202247680000 
73737014219668800 61373517004800000 
16392560184000 63207309312000 
7035128610578640 4403012567040000000 
873187655268614400 744943288320000000 
232309215717579000 128724195600000000 
196218945402480000 121724142059520000 
7015604664388320 914130638733312000 
1093397724059872 7019824204920913920 
323221162311847800 2488218938376192000 
48086383113568800 46352026828800000 
1378977928263936000 5495011689155788800 
373354758164868480 1812879271526400000 
125860 18119393280 
222482177517600 345338241299251200 
23826586227444000 5649153269760000 
4915800947977920000 1189418759553024000 
46334673000 1136546611200 
223069958983872000 3917739815416627200 
369806510193120 562541931528192000 
3126383540280 15342052678041600 
1148874666821481600 840243650400000000 
11958417041571000 3047102129111040000 
1898521644409790400 1194618145996800000 
1750344345333904320 581055764889600000 
423470829600 2539579392000 
8393107148506080000 1442634862660992000 
