7 14 56 65
82 191 71 221 234 56 255 86 200 209 60 139 12 17 145 95 161 211 18 67 150 207 159 134 62 140 69 71 229 106 129 10 177 30 203 251 204 45 216 139 29 105 171 213 217 254 158 176 17 180 46 26 154 167 17 88 64 155 17 97 79 139 117 246 198
167 130 36 189 50 158 40 213 57 189 168 97 53 183 160 234 54 150 151 203 184 121 238 61 158 8 216 11 14 15 113 21 82 149 33 59 119 82 188 30 52 111 224 174 203 159 85 173 63 129 226 63 128 208 160 60 115 225 131 243 252 242 254 75 122
52 90 202 216 152 176 103 205 229 154 109 236 161 147 208 148 91 240 52 10 175 193 139 71 104 35 241 246 235 119 239 239 79 50 235 175 142 52 64 244 196 31 68 81 173 154 51 148 194 129 97 62 208 171 68 24 145 61 128 175 85 24 219 74 223
169 211 203 185 169 48 43 126 169 205 230 75 213 213 10 53 161 172 178 139 140 211 197 110 182 182 209 152 204 18 12 77 20 248 76 158 150 93 46 180 210 140 89 224 167 217 71 187 81 82 178 147 233 197 248 210 235 23 133 69 136 161 100 242 92
194 168 146 14 77 68 107 18 108 233 82 22 79 195 94 76 201 18 96 84 223 224 191 82 13 35 137 123 136 251 194 60 155 168 67 120 55 128 39 200 240 60 189 234 52 79 248 76 187 180 48 56 92 135 247 69 11 20 142 179 138 87 228 94 95
10 95 167 90 82 124 172 37 11 109 37 85 34 172 198 203 10 165 255 169 199 157 136 178 143 35 214 188 175 233 35 53 245 26 105 113 165 217 67 172 194 188 189 22 183 175 91 84 112 221 116 174 146 179 39 101 247 226 96 211 245 34 117 177 73
73 250 24 185 102 232 47 34 159 240 63 230 217 164 224 133 135 240 125 198 229 150 185 150 236 72 181 60 22 252 203 239 86 127 74 61 11 21 202 22 46 15 74 218 191 174 196 20 215 177 228 181 230 208 111 18 246 63 19 98 59 76 91 93 124
107 220 81 103 68 95 129 30 35 232 9 13 179 71 159 161 200 91 198 137 133 223 90 192 214 69 72 185 247 130 127 190 59 32 48 190 231 245 215 119 198 109 126 33 67 174 68 191 57 77 215 205 248 204 207 190 146 81 143 24 140 76 122 193 31
192 125 188 55 206 57 108 55 235 92 120 84 118 118 160 72 134 68 17 113 93 49 204 188 251 231 145 139 62 190 222 39 54 20 242 41 44 79 130 110 235 109 113 98 63 223 123 79 62 240 100 20 100 208 135 9 212 132 93 63 203 228 40 80 219
250 100 39 124 94 165 45 91 152 62 92 81 97 59 31 224 243 188 21 195 80 188 103 195 105 29 165 134 208 173 15 226 62 27 78 75 128 40 118 199 123 210 32 147 145 103 140 213 27 112 241 196 97 72 87 101 58 250 188 130 81 201 17 248 41
17 121 171 197 46 84 247 97 251 37 91 213 88 137 122 150 174 12 146 32 154 145 176 189 199 24 31 34 22 194 133 254 136 133 26 200 63 120 109 247 186 124 242 110 119 61 106 50 55 255 207 115 120 186 20 104 251 67 87 226 56 252 116 228 113
126 240 20 232 54 46 22 219 235 194 73 164 101 251 181 96 118 63 237 218 116 180 245 80 124 121 254 156 217 69 140 44 48 45 80 67 175 182 46 179 105 113 50 10 139 68 41 239 91 212 29 117 141 233 169 26 234 81 200 185 191 30 60 90 52
214 117 41 111 226 21 187 105 89 174 187 143 147 227 140 83 172 133 48 43 250 254 202 160 151 30 121 126 243 25 238 86 132 245 79 85 191 109 131 208 97 173 127 52 83 108 102 49 117 229 232 150 208 200 110 187 74 107 105 68 78 100 131 211 116
133 245 199 145 16 36 185 129 52 141 80 76 251 62 198 191 67 223 133 76 146 182 150 64 81 92 240 215 253 114 214 171 76 79 219 157 97 239 94 12 160 239 32 179 192 89 27 130 90 208 250 22 226 107 183 78 86 144 87 60 244 133 149 73 90
145 205 78 242 202 65 153 89 117 60 248 70 200 167 237 13 124 143 22 155 151 71 150 207 211 240 89 145 91 76 226 189 249 28 181 26 234 16 194 44 190 166 46 12 50 170 240 28 33 41 232 204 93 123 250 228 161 179 138 230 202 128 202 190 144
86 133 230 36 221 203 158 36 164 26 21 21 205 39 52 240 56 9 136 23 84 37 244 122 74 52 241 11 74 72 172 226 183 44 84 57 160 138 58 80 238 95 222 88 153 202 19 173 184 22 151 194 190 96 56 71 49 244 85 138 142 34 100 146 204
53 234 37 104 216 224 103 150 77 124 86 155 104 98 94 237 194 136 251 199 168 78 57 103 102 77 240 76 164 222 82 48 163 94 172 234 201 94 109 104 77 234 19 69 196 239 70 41 124 110 137 221 219 145 98 75 32 235 83 65 207 178 106 117 102
69 87 38 92 122 242 29 86 170 24 132 183 25 90 242 47 68 39 69 163 133 51 162 141 145 50 65 123 81 114 237 158 246 37 208 103 20 203 227 92 29 161 222 77 102 248 209 127 64 154 28 124 106 158 188 207 30 114 205 68 150 131 93 88 218
247 199 142 66 112 50 138 247 190 26 218 176 255 247 140 160 72 212 116 148 225 54 250 196 148 233 170 97 131 191 124 29 127 85 197 184 137 149 170 107 61 201 32 149 235 232 12 104 19 94 69 160 50 73 69 176 180 74 68 221 164 94 13 164 178
98 33 93 239 111 37 68 185 152 105 129 146 94 126 20 146 42 64 66 91 250 192 190 176 253 132 180 51 141 197 73 96 56 205 14 153 99 180 33 219 20 158 115 192 170 71 151 217 101 245 46 188 204 198 138 109 25 141 55 177 16 36 103 123 228
73 154 249 105 94 26 233 241 76 246 159 13 175 178 252 61 174 157 201 19 240 183 254 196 100 70 186 200 29 198 125 175 215 101 200 185 83 153 170 8 163 140 35 251 48 69 195 106 176 151 154 195 199 43 123 158 155 137 104 25 238 11 239 164 81
202 143 88 17 199 106 126 105 13 216 198 53 159 125 135 189 109 60 255 38 183 148 118 209 134 65 20 185 108 82 66 238 9 215 219 112 112 199 202 42 12 37 140 219 41 52 74 35 115 97 106 39 31 85 213 142 253 234 19 185 35 164 135 236 161
205 206 249 238 183 194 29 221 82 55 213 123 24 131 62 231 196 86 109 96 156 148 128 242 80 33 93 153 54 250 179 253 252 161 129 193 180 227 76 231 147 186 56 78 235 241 65 119 154 15 173 89 227 223 215 102 110 242 166 104 204 102 76 84 132
236 142 230 230 146 78 46 34 136 77 249 169 53 249 102 26 31 231 211 76 145 210 238 50 30 151 115 220 26 54 196 47 82 72 72 153 24 186 213 108 135 225 246 174 34 70 161 100 157 103 113 60 221 187 112 195 34 158 34 20 45 187 53 229 54
113 82 114 202 152 87 70 76 23 106 114 23 218 196 248 167 127 139 133 179 152 28 33 118 216 211 36 121 246 85 85 112 225 225 60 223 151 21 197 194 233 74 191 92 225 15 21 223 196 211 74 83 246 130 28 238 114 239 116 60 50 158 172 40 69
175 138 190 182 86 67 86 148 32 169 34 24 228 149 235 108 194 168 71 95 84 32 141 54 122 190 53 41 116 210 127 214 213 91 76 81 99 30 46 43 220 145 158 87 86 137 76 85 244 63 99 41 120 106 161 19 211 239 37 83 31 155 148 252 218
180 250 136 48 235 150 175 113 149 95 154 212 188 154 214 113 233 45 235 109 220 146 147 31 176 73 188 41 53 138 94 86 76 162 247 70 166 10 230 214 25 35 172 151 146 118 43 109 241 144 143 84 92 214 227 247 193 229 179 125 14 57 93 103 41
55 85 101 166 68 131 216 95 116 230 35 182 48 38 137 125 121 173 78 49 17 147 145 152 8 234 18 27 38 91 164 224 18 146 202 19 223 39 136 182 237 139 131 167 172 98 193 119 199 140 218 18 138 68 16 58 102 47 130 152 114 217 85 120 22
54 208 34 26 231 179 64 176 64 153 67 49 130 111 126 49 74 206 55 206 240 176 146 13 84 137 58 105 194 134 89 107 120 25 243 84 31 239 223 145 145 153 157 124 33 127 166 80 100 50 159 28 191 203 148 43 250 71 45 75 198 208 167 25 140
251 68 131 30 77 213 248 188 77 166 195 115 193 17 43 173 45 236 25 110 103 135 48 166 172 94 100 130 128 192 77 245 35 249 152 167 80 196 157 29 46 144 127 167 250 53 248 216 94 61 151 226 177 206 190 240 232 132 213 229 153 178 237 243 59
203 244 252 18 182 245 23 107 95 201 10 219 160 106 204 247 45 171 91 104 160 99 169 127 200 61 151 177 90 36 225 54 25 246 123 106 109 220 103 201 24 80 250 57 184 33 213 152 203 219 186 19 135 130 225 137 91 109 173 81 189 127 179 161 201
67 158 50 78 99 150 84 116 206 175 244 139 57 56 133 174 47 162 227 25 223 127 174 96 223 174 250 255 56 69 202 233 40 184 150 113 17 121 190 151 65 204 175 213 118 136 61 69 203 253 202 166 11 255 85 244 55 131 201 24 49 58 185 43 20
50 228 196 244 145 104 211 155 193 215 69 198 112 221 27 80 61 16 17 128 142 102 203 74 23 177 83 130 21 14 167 211 243 174 67 100 195 74 99 192 87 189 163 144 205 168 129 70 205 138 76 192 239 23 231 187 243 79 150 168 238 113 11 213 184
222 137 79 225 112 80 225 97 120 109 122 49 131 238 37 153 192 58 21 196 40 90 191 227 73 58 60 46 43 22 45 120 13 209 86 73 55 211 156 47 37 41 174 44 42 84 210 108 244 86 183 170 79 211 168 147 136 250 9 67 158 58 74 94 244
203 145 183 213 249 201 86 32 163 182 115 97 85 25 255 157 104 139 195 230 250 178 31 105 153 232 178 129 8 22 45 203 135 86 246 196 58 158 164 125 195 43 120 216 246 116 52 180 166 96 208 183 241 130 231 247 192 133 86 58 89 104 181 159 73
214 129 189 222 196 136 78 108 125 23 232 13 149 252 89 18 72 21 181 237 148 57 44 176 95 152 224 34 111 82 226 242 141 62 45 57 154 245 93 18 201 80 27 107 132 147 43 225 208 143 61 32 32 135 123 210 155 140 100 153 10 20 87 75 129
130 153 133 175 244 38 255 130 162 164 219 134 8 17 39 51 145 225 18 165 145 236 13 139 165 135 204 217 250 195 125 47 80 21 190 241 138 200 72 228 247 198 82 32 155 234 16 97 149 211 169 44 105 207 136 145 144 127 198 47 251 189 213 161 197
52 61 75 25 78 110 22 80 91 121 204 80 36 37 53 187 10 182 23 228 104 145 233 198 200 74 100 54 195 26 59 127 206 58 48 116 183 139 213 250 177 165 88 94 52 126 124 228 166 168 168 129 59 9 87 82 85 188 141 114 171 173 27 19 63
170 94 200 189 131 36 235 36 23 111 25 179 122 185 167 91 56 94 205 138 75 200 76 33 23 146 41 241 233 185 196 159 173 40 116 170 144 35 254 130 193 215 95 102 212 161 106 180 214 185 163 232 242 255 98 68 27 88 156 173 110 98 181 180 187
110 8 121 161 106 210 90 19 71 180 37 158 164 71 67 132 60 210 236 56 69 135 180 85 148 254 75 55 33 193 25 27 242 153 21 195 135 244 86 221 170 197 226 66 234 24 184 38 187 246 194 218 124 245 28 135 240 107 69 245 204 249 169 106 129
214 229 41 122 29 153 239 93 128 116 54 117 134 155 82 188 95 237 172 245 67 234 190 63 119 167 159 9 223 138 251 170 198 244 203 195 58 38 93 201 228 176 43 178 11 239 229 103 128 229 154 35 131 207 194 231 31 148 234 99 111 57 250 206 223
159 119 27 183 83 181 27 171 134 89 231 59 19 22 70 55 232 94 251 154 177 150 118 199 142 162 88 71 222 56 167 189 149 80 193 224 55 243 247 130 9 254 84 65 236 185 69 115 18 248 193 195 114 19 172 135 214 185 206 64 125 222 248 19 206
113 57 120 60 28 163 248 251 94 36 152 50 145 44 172 99 29 238 52 177 13 248 94 9 39 225 84 250 236 57 180 163 244 243 219 179 131 27 167 224 198 82 102 12 236 211 119 178 136 217 51 150 236 61 123 47 170 33 198 200 167 208 237 55 220
113 93 197 141 195 171 148 38 189 213 123 184 181 103 23 238 245 18 211 241 57 39 150 34 67 209 24 168 45 57 253 39 119 13 162 227 227 166 245 249 190 178 168 214 137 184 24 197 242 227 195 30 14 72 66 237 148 85 56 125 250 176 146 33 118
186 118 164 141 40 138 248 170 220 150 112 137 239 110 241 226 104 109 118 79 14 209 253 236 96 160 223 34 140 242 50 151 28 186 245 69 63 123 218 218 185 77 81 74 198 255 87 20 18 82 44 124 91 197 8 226 182 91 117 244 216 107 55 249 161
26 106 84 75 77 164 117 124 223 30 171 212 105 125 201 104 143 197 15 85 136 121 33 58 235 19 175 184 171 46 11 98 55 57 21 208 118 44 138 92 45 79 40 47 45 244 66 87 185 8 114 229 50 113 224 74 192 61 54 144 145 191 203 81 102
39 223 137 144 48 241 87 248 208 100 167 241 216 241 218 31 201 231 161 226 78 108 71 176 17 93 146 48 231 41 187 175 226 130 226 19 166 141 240 185 44 132 209 72 215 169 162 198 161 81 185 232 162 37 128 121 25 248 131 185 215 199 70 154 31
186 79 204 136 39 63 149 245 193 225 165 125 66 122 28 36 94 11 228 39 98 124 101 111 228 232 104 73 25 225 12 73 230 156 131 156 101 253 59 65 139 131 249 241 91 239 8 100 148 93 188 198 216 24 99 202 115 233 23 255 62 30 53 81 46
45 186 106 221 68 29 187 52 199 23 204 148 15 21 172 238 88 241 90 127 47 72 45 197 120 33 156 62 117 135 199 36 23 52 98 10 171 245 152 43 149 44 53 123 28 104 202 51 208 39 208 166 158 171 241 92 146 61 225 198 140 114 108 66 48
224 129 23 176 243 255 186 139 69 142 197 146 170 196 127 29 159 170 17 243 215 24 229 127 81 27 153 207 224 167 17 165 248 208 193 145 91 229 62 241 177 180 220 153 249 225 243 82 69 28 170 9 161 144 64 25 15 192 157 237 211 243 29 156 84
75 187 12 148 147 174 205 56 161 125 25 129 237 230 121 133 237 70 32 72 227 120 53 158 91 253 254 175 177 28 228 190 204 65 231 77 107 206 66 63 156 86 234 131 115 99 111 164 32 164 41 55 15 201 186 165 196 171 98 30 141 39 138 50 22
195 109 228 110 107 104 87 95 78 225 61 72 155 224 252 207 221 59 145 165 137 251 253 81 18 168 254 53 116 215 30 96 172 120 217 204 86 12 121 172 96 127 237 32 255 231 165 40 202 251 117 249 200 82 21 92 250 224 172 237 146 254 114 178 44
71 241 30 184 76 155 12 139 185 217 232 223 75 200 195 55 155 176 196 63 125 193 200 229 243 181 254 153 82 75 240 199 35 144 130 18 211 110 145 233 192 144 125 202 206 55 21 115 247 104 165 43 178 111 234 219 93 130 98 127 227 245 220 62 204
123 19 9 225 81 33 148 38 235 117 226 199 170 224 115 9 125 145 84 85 30 16 174 141 170 61 156 172 23 33 232 79 150 15 114 99 164 97 115 198 83 139 120 43 55 75 32 28 135 214 216 90 201 251 102 180 42 133 226 81 53 83 172 144 136
58 236 247 110 11 87 163 201 35 94 198 34 151 54 103 96 31 71 147 157 69 192 128 120 14 23 97 40 97 198 131 196 226 160 77 18 190 211 70 45 177 247 88 130 74 25 177 77 196 118 210 140 155 204 38 87 73 138 35 217 147 211 183 150 69
198 180 104 84 187 171 219 212 129 11 28 157 22 204 163 200 226 106 241 206 78 222 85 91 192 130 67 141 121 94 144 116 70 154 16 61 179 196 95 130 196 93 59 234 67 49 85 254 62 126 210 211 66 225 75 231 151 24 147 76 176 33 70 192 18
