14 1 56 3
82 191 71
221 234 56
255 86 200
209 60 139
12 17 145
95 161 211
18 67 150
207 159 134
62 140 69
71 229 106
129 10 177
30 203 251
204 45 216
139 29 105
171 213 217
254 158 176
17 180 46
26 154 167
17 88 64
155 17 97
79 139 117
246 198 167
130 36 189
50 158 40
213 57 189
168 97 53
183 160 234
54 150 151
203 184 121
238 61 158
8 216 11
14 15 113
21 82 149
33 59 119
82 188 30
52 111 224
174 203 159
85 173 63
129 226 63
128 208 160
60 115 225
131 243 252
242 254 75
122 52 90
202 216 152
176 103 205
229 154 109
236 161 147
208 148 91
240 52 10
175 193 139
71 104 35
241 246 235
119 239 239
79 50 235
175 142 52
