38 14 56 65
299701602 739500542 255491000 861557234 913571517 196621718 996040164 318365281 778213934 811825172 213066337 530735354 18663934 38713647 556334427 351509104 617163837 822042217 42673484 237969402 573295170 805338666 608976135 511938130 219305723 534581778 249004494 257467287 894774293 397263507 491908550 11035348 684172117 89435883 788287372 979970421 791729625 149590595 840431389 530820340 85196383 394466374 657682045 829396297 846648224 995760501 606179003 677711625 37666927 697057885 155329367 75358918 592515497 643200553 39376095 325933071 228710695 596754997 37021806 361664471 288266399 531652811 441425886 961662889 769148974
645065846 492276971 115493071 732952450 172394233 608044296 130612755 827226672 201299895 730968348 646381408 361463782 182161081 709022924 615475533 913428958 189069804 574116786 578410425 788248861 712129319 458101457 927735379 216946899 606088036 3106650 842625925 14306676 27877350 31971505 424696226 54377319 302177357 569775893 104236127 207749583 448289284 299070962 727149969 89929707 179872489 416318035 874374737 672772905 787752350 610096596 312082163 666625409 224483876 488681644 882946628 222152711 486753176 808165842 614306907 210173978 434400361 876656580 496083935 947681499 985690103 945718718 993709953 273931479 460928579
177524516 331412066 783536231 839531118 584271999 681440582 383730568 797846128 893812401 590562046 407509358 922801990 620321868 562400590 807025816 567978240 338530246 938881286 178670278 9179943 674165840 747968201 531372184 255868289 388858076 111765505 940942386 963393944 917338043 449976790 933095228 931762698 289228359 169370098 918604607 677227194 542904878 177463109 228427713 955210663 759889152 92928344 244367882 296665015 665982560 590519309 174323738 567140688 753760137 488519706 362091852 219113075 807251537 660832049 244152080 65427093 553130516 216732483 486508566 677011392 311666956 64611065 854640632 267395747 869759856
650834907 820458985 789213795 714265232 653027628 164326597 143447848 477547094 649654423 798386997 896930850 273687993 826712187 829195438 9173458 182665874 620660365 662385846 685747845 531626364 533011452 822273369 765454996 412060107 704914178 703816015 813100166 582789378 791399742 42528587 18068425 281474057 49778181 969126374 277073591 606008319 576559880 345962167 156026464 694284214 814608577 534031548 327893997 874552407 644506288 845482203 256958213 721885679 297992783 298544377 689455994 562673999 907277103 763961235 970650380 814903588 918167711 61795156 507003278 248764957 516911060 619623590 372339162 944329279 341487854
752949826 648973210 557435575 26161824 279692954 245946803 400208509 40524770 406538234 907353793 301617525 58720910 287574945 757565025 349918474 275455956 779027956 41628397 357356772 309393960 868917723 871674163 740010872 298636117 21819271 111352953 521755945 464555172 519608162 980190875 753996182 212362240 595637449 647933999 240180258 455360320 190543225 484284752 126178310 775625087 935752159 210352351 730288570 913816070 179987893 287818416 970172094 274928505 723273100 695703142 161640361 194547263 339176347 512921005 965414572 247824292 14559625 51358187 542748911 690486322 524551193 318856484 889717826 348201904 351310231
11630443 353441913 641893789 333642535 299952300 468881533 662955591 117342852 14786306 410234475 120679884 311645615 105712664 661344394 768340686 787037350 11693571 636831132 998388804 650998089 772251299 601459096 516151504 686743444 545285681 110907161 833118411 729114155 675050129 908454549 112518357 182120577 956862856 73591288 392303301 425774914 636834897 845955951 240472878 663189146 750724785 728380348 733437849 58352556 706326291 677133753 336077303 307663191 421517660 860370340 436661130 672888157 556938406 693137313 126932746 378308829 966561866 879804654 357060266 819269555 956791170 106191782 443143779 684172110 262331404
263654112 979259037 64835206 717610244 382526751 906593847 159989737 108044037 611418717 939382972 222421993 897658333 844389925 632159681 874548022 504811749 515131838 937796079 472170200 766504241 893393033 575748867 715374342 574511867 922114316 261233607 701200846 210562848 59380285 984318238 789063408 934696606 317169815 483631419 268944152 214551797 12582545 55936463 782430573 58381560 155171767 28264308 266873056 847733968 741211745 671540349 759320156 52321514 835151679 685275537 889109776 700938852 897149747 806887627 418402737 41376064 959727107 225609653 47567726 366081478 206224385 274451826 336499878 346628875 468931731
399336759 856049089 295124070 386901768 243322334 351769288 489967867 88899940 112450197 906822457 5140669 21036391 689563182 256401109 611698643 618238901 777714057 337794149 766433243 522798958 505788959 870891601 332653736 745397108 833235777 249388106 259193214 714414835 967683051 495441883 482954864 736394257 208626132 96791705 162788402 737557757 903158481 959238026 837598491 448373568 769874707 407716853 476283418 101204489 239747692 673083257 244928706 738725661 198046009 280509666 835484767 796555139 968850955 790329157 804226249 734280533 556807703 295767953 545400706 65500843 536234780 276298292 460283187 748845568 96649889
745905624 472072044 726002654 192038120 800881936 200505173 406571456 189768129 915739829 340599005 451659606 309921822 443862506 443668040 614596352 259621741 509039887 243357589 37096840 424828478 343881913 168441138 791697983 727175018 980965972 900213873 553844787 532076498 218135387 737608638 863117288 129016564 188194840 49694505 945910655 135942525 148050593 287980967 495849719 413834413 917807139 410441955 424863679 366833410 225639829 868112890 464531300 288921409 218783072 937658862 372263427 50697143 371114271 808341118 512795438 5430272 825057314 503001382 343810073 223874285 786647200 887398453 130738211 293113186 852760014
978306083 374603270 125308194 468055872 349758888 634496266 150729241 338660994 580657420 219020933 341383336 297969227 360354911 206054406 93712995 873327464 948210339 725858646 55325421 755052001 292670300 729189661 384475566 757356195 394697345 86616149 635476922 511148102 809145856 668838700 31290984 880424921 218478058 79956450 284363390 273934790 485727831 131862164 444479529 773215288 464788934 816889132 100571436 564054608 554737485 384832739 532525998 826636646 78327032 422875576 940353211 759310711 361847968 261437900 322304396 376298859 204573481 977015229 728911903 495667750 297972082 781697905 36662273 969601193 133820038
36534437 459393765 660363415 765027967 156804809 307622535 963726016 362391589 983330062 120142792 338021342 829906233 325857407 523936553 459779377 572993376 673101679 18235128 560210538 97388044 589663314 552959143 680213786 730304305 771530637 65727017 93180021 107220666 57202881 753295764 505516480 995791978 517557352 504243738 73082233 775212176 224261596 451830590 411063972 965861568 718009551 470965833 946314110 415271994 448304472 213766068 397883855 171102190 191010653 996473882 802702097 432022287 453092639 720044821 50160027 387430358 983717816 239326826 322161222 879057838 196419960 987243934 436624730 890138936 425965454
476375139 937084163 49194628 906421120 186638883 154214173 58026581 852774668 919177186 750014153 264075237 632061127 376399784 982093024 700819781 357654118 445422500 222185867 924066699 848045114 438476932 695408347 958110630 292005827 471645585 456383908 994588566 600456768 846583328 249459973 532317210 146543708 161980092 151175237 291349343 240311638 674898123 705596184 156586671 690892575 393728310 425438406 173279230 10043219 528912739 242553329 134089319 932967592 335145096 823316556 85966913 443196744 539239537 909706691 650037582 75923949 914284005 296686463 775617628 717069990 740778854 90967705 210719806 332421140 177830709
831072163 440930124 134796112 418137135 881144246 55454791 723860135 394017259 327169685 670424695 723033652 546029682 562945096 886239561 535628839 304896772 664885437 507490561 162379682 141611835 977727088 994460742 784456910 616350001 578666740 91487782 458832158 479560393 951464565 71176434 929108100 317220579 501833305 957003824 286719525 312758355 738553839 410345779 498171921 807159133 361293790 667377661 481237679 180951598 305326083 404289967 380658392 168479580 442397759 894980304 906118046 573499260 807185791 775020099 413742880 725166704 268173432 402896079 394361962 245263556 282769200 373193129 496778034 820862703 438077766
507749102 959450249 771611331 552689526 35181942 113387395 714186949 488842386 179496653 538403908 292524692 276109439 981093285 220046404 766792578 739835166 240927753 867706145 505859456 277950447 560338769 702523845 575181708 229750273 296857163 340292620 935731267 835346543 988822521 429151019 834433164 657781075 275008029 286298931 853969311 604683147 360924168 934715410 350567664 18623024 615860627 931773149 100282502 692786590 743614995 329561951 77804094 495599355 331862677 808899585 978994287 59181325 879738729 400089529 708617339 286207953 315566331 550177034 322285690 213018239 954345276 506666746 571182748 263104621 333279511
554256003 798049407 284975051 947538290 783102477 231970568 585031423 330629775 440871800 211919985 968865948 251752168 776373773 642822393 926944934 21327913 468649692 544403461 57791225 596315415 580456114 256729962 575537514 806039058 819941642 937633721 329785028 554209856 337389621 275538436 879842751 733469614 973753743 80659914 700000923 73803949 913527973 36120278 750874886 145791322 736414328 637989792 156277527 17405528 172037580 655754669 937988869 82473833 103877555 135917557 904879783 792197803 346059506 465887763 979640031 887474511 620160479 690304837 527898894 897166453 783597212 484243177 785425054 735701092 551107202
317709704 504603147 897950543 115540869 860802366 789810810 607436695 114353587 631297693 75377568 54109973 56329748 796643884 126694802 177427025 938569104 195527382 6833329 519258107 63073693 307271667 120150070 952723356 462928615 266429810 180577121 942723046 14154508 267401488 259596737 661319014 879649608 706882841 147251674 306873381 198390655 613220054 526305976 204528628 292719129 930989167 353623572 864986962 324879020 585836288 783737749 46750447 666596563 711658967 59530567 579209376 754031319 735607397 358035651 194543605 254330611 168195287 951869649 311285459 527947043 542671644 108664975 372660528 557254140 792339646
184636249 914121370 118330173 389059109 840469997 873350791 386174583 575658529 280394389 467809725 316096906 593834937 391022535 366273020 349479807 927037798 753364940 517671745 980098438 773821279 646643664 285555471 201575094 386263756 382798999 280370900 936075664 274537296 632898816 865127255 300272463 162254641 627893633 347343600 663552417 914008708 779455642 347522988 411267936 389015376 281110147 914328387 47250781 249013551 761121744 933766548 250776225 133242074 469557909 413599011 522498867 861760849 852131927 555229523 366348486 273485572 100639361 918365380 304453553 233106667 803927663 687040350 395866768 442692704 380974740
248698396 320692119 122381452 342053599 462609361 944244844 87585708 318453789 655013250 66742848 501552395 706610968 69755648 334321386 944361397 159499052 244001863 125510805 246735933 625907864 504485803 177259270 623958410 540124966 556152472 170164673 232897873 464459613 296123359 430641923 923428740 606990010 959973811 118864344 806683513 383304030 50837794 789809393 885966471 342224156 87180926 620195871 866380654 278976717 382250346 968316583 813512358 483076880 228139179 592440953 82350367 471288458 395896209 607943308 726060299 803373650 89038368 427579627 794430951 242983675 575234726 496597416 345229515 323142748 847087467
967291418 770537117 541855866 234104636 419508096 172860723 527553697 966621140 737507221 74278836 849717976 680466231 999329722 966970104 532422970 615613595 260958391 826469255 439416663 565801831 878106375 186679811 976751280 758950432 566472109 911136271 654256841 361137940 497992296 740002855 471719864 88455266 483031565 311312741 763251575 712769433 521983157 571895295 657055900 402113891 214777392 781980303 100175686 568600890 919082326 903464651 18728983 387406254 46617988 347187287 246409007 616615093 172629118 264637685 247011856 677808117 697532767 269164467 245908957 859605603 631190385 350345736 22755716 629293865 686976740
366552955 103334135 344947599 931761098 417812529 120644254 243728533 713757215 581415618 395057068 491350389 556751793 347204515 478081739 50109725 559589292 138939520 226560517 234353462 336352511 978173674 743882452 735210128 677601669 989147996 500092191 693772982 175621092 538662405 762587734 265738985 357420727 197447418 794779953 27377862 588137316 368272732 697355227 101007226 851756771 49475167 605684998 431616498 743586500 654309608 254695214 578307392 843479182 375314023 956954381 153688243 726550622 794004270 769629026 525338139 410101744 72241269 539309311 191321890 681858958 34787976 115286888 385621324 464771269 887854688
265158951 589948750 975519580 392530255 348545632 73837316 908089793 940731860 277243623 962924309 609066048 20235360 675573164 687294873 987404729 216536048 671689729 601736104 779205081 46673125 939292426 708765421 992670056 758969977 371099961 251997808 721360692 776134264 87280503 769363858 472792727 674687823 836841839 378515083 776693802 713822751 303588117 584844287 657154392 559793 626542503 534224260 112051815 982466570 163717955 248027676 757530458 398229065 678878708 578873668 590873284 756970921 771686562 144654704 466822109 608406715 593253221 523659142 387124246 68593299 929528008 14379808 932785858 630153326 296906738
784873559 547557700 324379398 36900360 773247597 397749569 478964656 394851391 22520807 840461739 767596243 182058174 609977833 474963107 516082596 730696139 408810578 212228519 995998451 121231460 708175587 568348839 444632277 813940533 511253628 233212735 52266499 713936139 405130211 299025364 237214285 931035039 5760807 836781372 854393088 423273752 419781666 772548072 784515128 140457205 18143797 120756558 535334043 853480090 134696654 181362426 266363470 112060546 433698679 362148582 396847298 125906521 93917005 312942377 826814540 543367208 991209868 912554580 46579162 714754249 109668785 629061541 515707538 920672642 620837499
796726409 802247002 972340330 929462775 708282920 750147502 87493008 862671801 300401489 192575637 829474861 466655509 65945647 498154488 220235308 900012087 758372590 315798146 410661736 357563508 599610853 565797208 486323285 944006227 291618116 101456620 345562156 586311199 185633892 975819971 690794885 987998649 986700346 619836684 489496941 746788659 696380788 885243982 274274784 903185743 561155022 720560818 194449352 286276136 916485397 941318338 231064132 447660694 589895348 31241671 667043810 327878390 886505672 869334531 836792319 380767929 411392993 945187334 638270654 389131881 790872582 380151578 278143780 310392519 502626209
921538052 543359260 897375851 898999526 557438875 283267654 154227635 106503525 518848204 279295351 972875135 651601426 184965473 975488944 381919500 73875864 94162806 901697820 821261565 275416231 555027661 814867455 928822686 169660395 90451013 579538717 432948210 854947078 75497844 188753194 758277153 157532235 299919673 260630389 259930508 588617013 67081477 720380956 827682179 404983431 513119425 878328284 962103804 670150200 105064014 252489291 618398031 373487046 603068979 384683058 424807113 213414856 860367622 724740696 422579255 754656913 108351098 607878586 106342920 49092464 151588190 723668041 183071729 892928064 188724843
426847495 301089041 428414816 784577222 580846257 320504830 251996833 276826882 60909437 397774784 427576767 63272246 849979388 759820396 969359968 642999545 482425989 529474813 507823818 692533341 582090364 84651461 101898302 444551828 842553954 822269969 115291493 458898757 962125840 313079396 314446406 422758153 876808394 877474634 211181350 869894578 580204200 54538680 762183396 752282593 907768739 267125059 740092275 339425499 875474200 30294360 55943965 870197697 759221300 820935775 268110964 303661372 962428958 492096497 80843756 928685466 428187173 932134854 436152788 210646059 169464421 607251398 664024145 132491671 248217101
677367925 526407898 735338680 704304499 316082248 241215393 315762095 565874514 97053356 652058103 108723977 67545249 888506590 570645458 916719424 404419479 751463002 647291452 254883619 350845165 307366379 99405154 538567730 187338625 462338576 736720921 182685731 134148507 435875624 815047124 481837558 831840566 826782128 336470726 276479649 294499188 369502246 90061462 153785250 142331398 858623564 554455122 608223905 321944685 315549270 522153094 277975729 313724972 952442439 225488063 368368099 135644587 455101409 397987572 617264159 46423670 820095317 932948315 120012099 303539442 93981231 594607509 564580471 984367513 848438034
695993659 977343350 518157056 164272451 915489720 575981816 673804164 424176080 569664943 350909504 591614303 825366130 728182421 592321593 832752449 427342108 909876411 152200861 918517430 408576624 857677165 558967163 560586558 93151555 680394203 265355827 726214714 133244706 183275144 528193597 346838398 317638346 275567542 624307982 967607040 253687098 637244144 10211970 898093268 834362589 70412209 109050802 663373573 580455178 558795303 446104227 141443763 409686730 943211035 548583588 548010959 307081174 339274777 834160488 885210016 967555782 748285872 893170550 692716981 475523541 24345003 199702539 345159846 385636062 136249019
190184515 314492524 377604065 637350190 243078470 497467535 838968984 353259318 437647906 897918624 111831729 702720220 163075058 123155637 520314814 474481540 459642006 665607523 284186654 167055752 36833889 561723383 553776049 581466435 3980950 913678253 41408824 79294764 121824685 338373428 629491854 874353072 42461130 560101303 784597379 48025674 870372378 128782878 518692734 705302870 926200990 531999206 499291025 644339662 662841996 366099943 747401827 451265606 773967285 534059373 847407209 42099212 525064616 241968335 34768603 203067803 379257217 158964929 494566508 583502997 429100518 845197845 311557720 452467552 58438637
187132439 810429497 108490173 73210590 899473708 692565931 226926755 679389655 228012746 587916244 240098635 168488374 492257472 417583249 479426327 166888300 269014666 799691541 190656749 800036673 938875554 681098422 559593162 22168630 307779457 521292561 201672351 392705117 753153965 508087916 330636067 401635678 453829564 72055798 948494755 308467692 93856477 932537004 870383447 555789893 555313728 585768561 601901192 468748025 101960585 483258186 637273806 293433756 374891803 169423582 612874739 81484168 738120029 789123243 567522391 144126969 979523584 254862099 151849692 274088890 769235167 810100257 641987361 70365779 535968861
980111925 242578122 497860647 90842196 281107018 828262488 968489232 728625481 280741940 639119657 757896965 432520626 748513557 38164074 141259266 667055025 151413864 920251069 69674842 412633785 386313340 512294207 162354360 637154216 664120229 348149522 371035197 495299336 485740608 743869161 278474936 958401412 108986251 973446401 581515056 641320720 294281438 760836729 602411460 86215976 155580368 550412278 482362049 644010049 977229726 182133967 968897222 841041329 349728866 216393253 579722508 882681501 685461217 799316588 734031204 935712460 905451776 503327506 830419366 892989875 585983849 689058779 923604998 947737865 207528914
786667262 955027575 987892539 42286345 704201409 956247896 62037955 401908945 353227567 780596411 8510286 854509042 615241684 398199992 792703872 966223942 150307889 658993788 336162292 390795183 612996631 369711478 650483758 481653250 775553499 214796894 577007607 684259817 331345617 116559966 878634603 186212680 71263442 961634139 466076209 396981608 410659181 856466548 384626788 781816393 65636247 294099470 977831946 198414364 710553206 104002108 828023262 580850594 787755183 854086659 719375321 46207124 515214602 493655969 876254713 520961213 335653918 411212750 665632708 295404375 733206030 481567260 691837429 619425839 780189773
239550316 605312547 170876472 283772176 368977279 573917609 309908427 437670442 802204917 677139851 954491770 529718654 198120382 196892625 506263634 670719850 160741631 624202773 886984198 68593447 868514934 483601780 669711003 357265799 870473066 671622564 977338147 998991154 196524424 246270549 784638366 908744955 130476476 712922644 576559546 427372822 38272145 458853912 735584498 577568393 230848653 792001596 674215547 826839543 447092172 517926009 215442306 246842980 788567654 988238260 782341512 637873914 15994582 996566058 314022969 955501969 190781997 498068573 781124008 67180245 166934570 202543738 715727061 143250349 51185919
170368512 888520769 760225093 952468353 553117346 389244505 821340779 593290778 749924871 837390285 245994411 770155116 422922521 861404102 77165448 293526059 217038026 33678272 40063578 483874670 543601189 379647741 787683861 269908463 60952404 682197087 302482549 494158057 52870692 27274388 642133764 818607879 950556869 673222952 239590528 372225557 757655730 268360037 370740659 745432471 319355120 730381597 626226273 552132780 794875602 646132169 490791325 254000972 794477051 526515821 275391766 745358855 934645852 64095709 900289548 723258986 950483253 288513938 573304384 646288832 928781935 423967688 13122428 827945530 711642981
864686482 523678141 289863443 877462277 423129298 291382353 877389309 361081508 453494845 410007126 463436824 165746584 496395027 929816704 120143938 585974547 742617287 205012929 52427650 759062430 132479958 332610417 741576106 886681067 262667659 202663255 212466734 155601814 144064036 57654985 150235860 453404304 23122111 811453619 316078880 263554793 190736901 820458857 598987141 160477321 119491013 133082171 670223253 145583092 137355466 308037394 817003292 406668715 954846192 316896609 709050254 656526226 287177957 821764277 646673357 563467417 519171016 979140563 4761241 240004897 608621226 202274662 270090565 348235015 952826940
786856950 555601306 706623148 829064000 973686378 782095965 315596665 98002177 626789594 703596068 433861205 362769725 311145228 71188543 996972921 604797205 389083348 529049264 755591879 898970999 978007612 685487280 95188314 392822410 587826027 906819325 688514359 490391110 3739318 58777018 151227701 789543360 512383498 318252039 963588704 758405292 201717589 605564174 629737680 473197850 754666230 142940826 454336728 840194320 960814353 436414446 179352122 695931437 638476987 355250435 806676767 706154272 941265208 495536416 900913707 966482447 745339920 504851017 316184550 204982526 328005715 390089740 698174250 610030278 263717318
832469300 489176034 731691804 864690359 758866302 516285005 284193764 403686344 474600874 60692307 906254728 20476701 571217045 985424841 329000504 41564625 261610399 54932295 701231333 925314160 566963751 200918347 148677568 680754887 354097371 581538911 871917844 107113199 419144744 299165331 880307579 946603685 540149448 218226652 150488019 199552947 592506570 958610537 346308808 43375076 780408204 293341494 78303214 399705124 503225628 562181807 142853730 878750268 807198555 544615092 215873255 99478910 98342320 513857316 466312133 816168131 596253282 536160513 371003841 587561866 8969832 51638446 320287514 271525187 489219802
495112517 585326313 504119383 675271905 953059290 124108931 997764448 495149806 623633715 632772031 852583745 508544901 37545 38307657 128652904 177312095 555485612 875928614 40543209 633503098 553678381 922713582 23345125 531998308 633465809 515370980 794060933 846033030 976512697 757537196 474828026 160558091 292354904 53799370 734192327 942829718 527092282 776983925 259738437 888159297 966317022 769555087 302156155 99180602 595804648 912517907 35363016 359326437 572088321 818820724 652779725 147203719 393009416 802533234 516664825 553599378 551399071 480491509 767170474 157338643 981511058 732578348 827711785 619967010 764329228
178978079 215913779 274112662 68568194 283837974 411807606 58575391 292601604 335989847 456126190 791840597 294246164 113623780 120076324 182013783 723272658 10408445 701816175 61501188 889412180 387283067 554282256 909975578 767255025 775788655 267206999 372268728 186703176 756846835 73972736 205706067 482856549 799420109 202564834 163997158 438451042 707067894 532213365 830296107 977293983 681604208 633095414 326507554 347439814 177874130 479039629 469098511 888056513 640371920 645660765 648743523 491804529 206452560 7276762 319153466 301303964 313930655 727412932 538178251 431096954 660932045 668269891 78669664 46373978 224644649
653655539 349116680 777365701 732443323 497231718 115477544 918019727 116433911 64173688 418562309 69103822 693375334 462778373 715057008 641196609 336660499 196143871 347301085 797037282 524762953 272487066 777581563 278197518 103662203 61984836 557430058 136385209 941537020 907518333 714683752 760392777 611622256 669050210 129937025 436486489 656730829 549637675 111620408 993551817 494949469 749212497 834953924 351227631 381929816 825899260 619275727 398467690 694496803 832292141 714279108 625723911 903518221 945284306 997338218 363051732 243794350 77619217 326008835 598870784 668554929 411502209 363340109 700284924 695352564 723270624
414163992 288633 456490830 617733603 397262044 815293208 331733704 44988876 254393749 696977120 119940900 608463081 630824885 254105371 240486546 502207298 211201292 815531677 922371667 195497926 247813804 514224172 695591033 313908842 564673041 993708434 273737882 193383991 102707805 749141364 71337022 78240212 945570187 588483633 53550587 757428181 513567171 951861754 314746007 860166596 654720631 764425807 880524987 236506051 914596410 66237254 710875476 123097062 722938880 962734657 751491247 850708880 468376431 958513073 82209925 514985452 936112471 402139433 247637853 959112863 792046573 973377815 650648187 396928973 490736687
833533500 891168146 135662990 460816503 88597509 585895903 932055283 343616418 487438689 437949323 188967185 441318852 510082919 596270543 302286589 728150683 352721598 924187017 664215261 958670171 240712249 914772275 735220087 222896665 448587508 644441706 612485942 7069660 870175067 524400492 980226446 653815772 766357411 955402792 789180405 757330037 205228520 121915960 342917105 782111000 887154971 680828028 141689515 689101334 15753844 931752179 891647624 384359478 483873070 893837884 588835329 109536880 497204508 803045042 752148625 899733995 93783291 565452330 911397419 367789403 415861181 199945407 976617001 801860794 870584896
612816139 447796782 76883262 708077759 305132822 701418721 80007635 661022082 508132608 328515821 899557927 209422739 48206198 60336081 251632815 191480423 904289918 346787478 980328447 590610734 683347816 575774353 447229551 770905963 542404791 623011991 324141794 255749384 866616045 195617569 642683544 733531061 572401568 290841947 748388018 871777581 191126526 949389578 966700154 492638890 5161792 995508958 306706289 233169348 920237322 714319845 247121195 434928708 42043078 970847745 747619691 754482306 429767172 46534121 664141711 514450599 834244985 715447327 799412926 229213259 472407776 863397240 967827636 44930876 799446088
425873910 199255784 453377293 210685891 83999016 626460984 970042526 980969518 347288652 116171380 581530364 170596694 555095864 148033123 662794087 370844728 86597934 928634880 177990598 681824569 23556332 970426555 347104772 7394160 126728961 875523209 307632723 976260044 920796227 198094081 697532866 625808155 952703968 950369673 850989310 690138961 499079450 77181015 642737205 874729266 769342735 300985624 379648149 16929306 922025299 818973062 449996315 689509188 517849857 844844540 176236113 575267049 920166454 216864488 465196646 159307062 653241751 101193647 766868173 775687459 641457206 808397212 924957535 191601380 855521005
424592974 343200821 765650728 538359629 754327614 657724801 567513363 124193777 729962418 829370079 466123677 711992358 699600804 386761853 63719607 927764048 957664745 41876258 819248491 939525831 197801885 128294921 575752582 107256388 239925282 811040032 64575569 647988534 149591644 198049280 991791542 125049739 450186905 21296979 622296699 884535409 885124457 639146873 956721410 974308165 734944021 687075433 647355331 831671926 524121516 713647298 64778989 762819922 946547470 884974644 756925888 90470825 27876157 259472293 237619568 925253962 566349309 314228860 194693559 474799647 978706493 681374666 557302972 104222989 446923745
719234456 443755353 632049010 537873680 132695141 524541153 968955707 653342518 856499015 575392170 420318419 522032217 934108062 412743917 943343160 882444739 389337332 409567165 443788210 290000898 25945980 813945163 989248747 921755994 355892836 613202063 870602003 106804263 532418918 946325671 169414108 580601361 80858539 718473756 957076925 247658115 224708781 467656476 847871753 850272918 715239198 278383110 298242623 267270647 769414634 996765443 321306186 50584764 42562122 301758414 148893946 471033269 335345566 764179012 3516046 881623299 701618635 338580124 442873082 952931283 839061433 399860476 189686434 971839813 617585972
74882677 396344686 308063135 270221434 279006104 632009596 443413404 469001703 870360958 89319925 660169783 825827432 394119282 474016528 781256790 389948604 546821584 762109687 30603380 312255343 519587646 457501915 101940159 204775948 918136061 45571374 676245125 711991556 657954364 156026630 14968250 363990038 192404165 200452705 54086726 810192303 445853977 146833046 524207581 342095171 152238194 289827603 131865051 160217798 149691262 951785490 235741132 321672749 714363822 2858471 427578164 893645962 169434810 424536475 870993420 267360621 743954956 217649321 188795598 549320927 552996800 741096740 790071157 295149637 379886373
128460581 870103320 522710791 551194682 162237307 939664984 320782649 969713992 810097942 372166150 644515603 940896277 841253666 939994622 849455359 93321176 778659225 901588683 619212229 879741368 283223235 406493330 257073336 678315953 38487958 343228613 557037971 163752415 899656729 136899276 724016384 677296604 880529180 493163654 879825941 45700686 638808901 537300823 936125683 716073782 146043958 501909880 813284439 258829335 835544602 652880304 622083940 767584009 620020434 298244035 716754622 906010158 621540306 118110809 484959596 457925543 70465812 968660003 496026870 717375588 837905109 772221777 251905636 590016712 95835537
719794555 287262437 793980094 519551156 127175535 223767940 569886849 956074986 747329379 875269899 633751229 474051568 236280686 460067198 81290061 114200329 346876288 12513002 890180349 125215075 366870951 471606390 378761773 416129036 888934389 906803753 390316585 264561700 69253003 876421643 16623660 265101765 897690749 597646614 497660126 600494624 376167376 990886996 207330285 233098682 531241876 499745733 974263592 942228521 335407933 933595263 2085863 373769223 566061400 344520937 726265233 768987182 842527347 66315923 370257346 784036713 433579504 908932085 64230315 996488123 217975568 89058823 182667107 295243134 153961032
151659901 718801478 398630395 861663630 245028948 87429841 722313355 180655082 772605063 62362096 792186708 568352578 28995437 53803841 663731702 930523078 323323886 941565596 331490487 483076875 157918270 260962046 149379144 763137909 454081693 104114685 597230345 218856066 439814278 512516098 772624199 114153726 60938051 178852487 363137209 9486545 660072033 956823367 581622143 144281398 569672268 147556191 184199424 467468673 83343602 390820036 784418982 174713134 807396640 126520236 809197893 640137840 605040867 659840704 942320812 341729476 556794493 214221087 875421722 767607933 534332837 430274512 405023194 235284138 162567321
874492133 487953701 63293974 678489646 948346235 999070411 720345768 528961137 248215389 543323296 763786528 557778702 654469005 760261689 480029578 85297138 609432468 655398595 39916176 951068441 837081749 66109428 891612067 482137474 296599692 76820316 586079850 806315185 872705006 641201097 36904395 635011410 969233437 806595834 749589031 554766922 338411974 892413376 220516240 943273847 682061916 697210877 855509237 585504830 974040411 875466082 947621846 300742571 247093112 81627290 654950098 4348255 618680655 549882236 226118053 69445523 30307845 743214574 602260391 925375483 822352411 948680556 88264731 597912391 306695084
272470431 722562758 18819463 567604802 563480510 670210040 797187275 196467052 618924246 475216035 72297905 490492447 923996622 896361489 456396827 504693103 927011937 253786837 99174469 259930031 885768857 451796158 181489188 608682023 335933409 989407369 995399331 676796085 681670086 82146827 890233155 735469556 791027228 229874184 900657640 281551388 399536403 801619860 234474853 223861810 599881302 317389831 911386705 499005298 432834582 370007374 416732192 629835573 99469151 631214723 135532777 192870637 29954526 782079320 719828019 636527479 760036055 659947152 365347384 89992701 537058584 128821588 524414631 172477003 60038431
754979264 408993569 887887152 412440948 400091280 389632135 319001123 350828823 283619616 875676650 217155388 258962948 595849560 874626047 987789498 804714441 858871668 206217680 555625179 636960930 521095081 983195019 989062293 296662487 41111626 646469034 995405522 184348107 437790819 834893946 90844111 358444847 663253027 454595800 845831654 794181625 317333477 16784248 459190279 661483802 356391062 482439531 925940138 100745687 998230776 901795262 636607878 131758769 783412211 981446783 442605239 975124076 775367708 300972935 55506900 341859808 976893300 873572446 664365058 923748132 558447597 995446518 430967462 689240983 148380680
257474917 939939873 89107910 712347683 274808234 593109860 16191997 530660313 716901166 843840773 903868877 867811317 273185652 776961293 754733118 191521450 593003338 680075792 760769552 224073060 474620285 749162566 776206915 892958235 950887409 697658992 994429449 584685721 299955152 270811872 936889441 770356644 110065692 550792586 494604957 43931461 819469236 412406701 556363138 909919236 743976309 548657619 475517260 786006494 799853800 193183978 54052918 431586055 966537258 387447355 636820841 144133682 687609746 417879894 911930095 850814348 344279883 494426024 363827232 480344295 884277090 956832528 857605183 219693806 792734549
466397451 44902689 6791091 875413924 298308781 102570474 564558395 122514002 918581396 440703598 882876669 771823846 656116552 873678962 433912763 7463000 473515320 553546333 309120823 311399016 88881605 32811978 670669665 537296978 655282465 215202643 598899216 663206920 63781913 101736387 906081820 287500455 574325571 30970190 431066723 368785098 632217990 359123183 432070975 767859803 305003441 530481858 453041364 144570776 193534488 274033506 99415391 84256521 512352786 834411305 841962531 331555588 779253080 981870929 381370196 697392011 138021356 505219829 882455793 297113931 185039480 303610052 663257298 550900461 517860852
203168552 922239856 965865288 412879360 12641278 320712759 625126180 780826063 109269563 349383981 769812299 107265584 577657767 187029707 383518694 356933195 94624561 256945263 561903527 602692631 247663887 745240581 487132965 454638199 25035120 60634435 361722142 130200026 360013893 768089857 498730908 759029512 882536139 614773313 280957148 44092965 733994648 821901960 253051426 150757377 684079072 965904791 323171307 494021915 268221238 69306014 684947899 279078598 760027268 446319279 816254588 534190777 594999527 794122477 123148228 322232929 265969795 525693768 109174833 844069630 562205662 819650516 709439180 574984056 249070359
768083185 696502544 387206507 309014517 723376591 658908607 852432914 825000845 489364002 13937667 83924807 603362811 56917915 792861458 626731161 774910290 879986220 398009309 940428545 801730316 285546544 866048808 314084757 337065989 744812656 492685086 239317903 539174468 457079770 346803603 552256542 437587588 253628180 591030962 32719101 215190808 692774933 760943095 351713314 493544633 758111038 345971586 208686809 914125727 239916708 167080332 313252740 993496001 221351049 478973614 815367018 819708108 235385218 875379464 270287061 901241292 579791655 68305142 562126979 276791060 679890498 100818296 252938125 742418872 41406097
