24 42 43 52
299701423 739500476 255490810 861557198 913571495 196621512 996040163 318365107 778213877 811825124 213066135 530735234 18663683 38713401 556334314 351508938 617163739 822042171 42673239 237969207 573295061 805338616 608976035 511938005 219305523 534581659 249004302 257467097 894774266 397263352 491908420 11035095 684172036 89435650 788287318 979970416 791729572 149590377 840431348 530820220 85196149 394466219 657681957 829396253 846648184 995760500 606178902 677711542 37666681 697057807 155329151 75358681
592515393 643200462 39375849 325932898 228710497 596754894 37021560 361664308 288266217 531652691 441425743 961662879 769148915 645065756 492276841 115492844 732952381 172394021 608044196 130612533 827226628 201299690 730968279 646381317 361463618 182160872 709022850 615475434 913428936 189069597 574116677 578410317 788248807 712129245 458101318 927735360 216946698 606087935 3106395 842625885 14306423 27877101 31971258 424696079 54377077 302177178 569775783 104235898 207749380 448289143 299070783 727149899
89929474 179872279 416317885 874374705 672772821 787752296 610096496 312081987 666625324 224483677 488681513 882946598 222152512 486753044 808165793 614306809 210173776 434400216 876656549 496083806 947681486 985690099 945718704 993709952 273931293 460928441 177524306 331411895 783536175 839531077 584271892 681440500 383730410 797846077 893812374 590561941 407509207 922801970 620321771 562400478 807025766 567978130 338530077 938881271 178670068 9179689 674165757 747968136 531372064 255868099 388857919 111765278
940942370 963393934 917338022 449976649 933095211 931762681 289228177 169369885 918604586 677227112 542904761 177462899 228427515 955210652 759889090 92928112 244367688 296664835 665982474 590519204 174323527 567140577 753760074 488519575 362091689 219112875 807251488 660831962 244151886 65426853 553130401 216732283 486508435 677011310 311666780 64610825 854640594 267395559 869759823 650834818 820458939 789213741 714265159 653027539 164326383 143447629 477546961 649654333 798386946 896930824 273687807 826712143
829195394 9173205 182665665 620660268 662385760 685747764 531626245 533011332 822273323 765454936 412059957 704914102 703815939 813100118 582789271 791399689 42528342 18068174 281473873 49777938 969126366 277073406 606008218 576559772 345962000 156026248 694284136 814608529 534031429 327893825 874552375 644506197 845482163 256958022 721885608 297992603 298544197 689455915 562673887 907277079 763961175 970650373 814903540 918167690 61794915 507003152 248764764 516910937 619623492 372339001 944329265 341487686
752949763 648973120 557435461 26161574 279692770 245946610 400208355 40524524 406538082 907353769 301617346 58720669 287574762 757564963 349918308 275455771 779027899 41628151 357356607 309393783 868917689 871674130 740010806 298635938 21819020 111352726 521755822 464555034 519608039 980190870 753996119 212362039 595637346 647933909 240180063 455360181 190543018 484284620 126178086 775625029 935752143 210352149 730288501 913816048 179987683 287818233 970172086 274928320 723273029 695703064 161640147 194547056
339176178 512920880 965414563 247824100 14559373 51357944 542748794 690486243 524551071 318856310 889717798 348201738 351310065 11630190 353441747 641893697 333642364 299952121 468881397 662955504 117342626 14786054 410234324 120679659 311645439 105712435 661344307 768340627 787037295 11693318 636831039 998388803 650998000 772251241 601458994 516151380 686743364 545285564 110906933 833118368 729114085 675050046 908454526 112518130 182120367 956862845 73591051 392303145 425774767 636834804 845955912 240472683
663189060 750724721 728380278 733437781 58352315 706326215 677133670 336077133 307663014 421517512 860370304 436660986 672888073 556938293 693137234 126932522 378308670 966561858 879804624 357060101 819269509 956791158 106191553 443143637 684172029 262331216 263653924 979259031 64834966 717610171 382526593 906593823 159989522 108043808 611418618 939382956 222421794 897658307 844389885 632159587 874547989 504811623 515131714 937796063 472170064 766504181 893393006 575748758 715374269 574511758 922114296 261233418
701200769 210562646 59380044 984318234 789063354 934696589 317169640 483631286 268943965 214551596 12582292 55936222 782430518 58381319 155171551 28264059 266872868 847733929 741211679 671540265 759320095 52321272 835151637 685275457 889109748 700938775 897149721 806887577 418402588 41375818 959727097 225609455 47567482 366081316 206224182 274451640 336499708 346628708 468931596 399336605 856049052 295123889 386901611 243322140 351769122 489967736 88899707 112449970 906822433 5140414 21036140 689563102
256400918 611698543 618238804 777714001 337793980 766433183 522798836 505788833 870891568 332653565 745397042 833235734 249387914 259193025 714414762 967683042 495441754 482954732 736394189 208625929 96791473 162788188 737557690 903158456 959238015 837598449 448373426 769874648 407716701 476283283 101204259 239747497 673083174 244928513 738725594 198045804 280509482 835484725 796555087 968850947 790329103 804226199 734280465 556807589 295767773 545400590 65500604 536234661 276298107 460283048 748845503 96649657
745905559 472071908 726002584 192037913 800881885 200504968 406571304 189767922 915739807 340598836 451659466 309921646 443862364 443667898 614596253 259621552 509039761 243357395 37096594 424828330 343881745 168440925 791697930 727174949 980965967 900213848 553844672 532076378 218135187 737608571 863117253 129016341 188194632 49694261 945910642 135942304 148050375 287980785 495849590 413834263 917807118 410441804 424863532 366833248 225639631 868112856 464531163 288921227 218782872 937658846 372263266 50696900
371114110 808341069 512795314 5430018 825057269 503001254 343809905 223874086 786647146 887398424 130737988 293113005 852759977 978306078 374603110 125307970 468055736 349758722 634496172 150729023 338660825 580657313 219020733 341383167 297969047 360354748 206054203 93712763 873327432 948210326 725858576 55325179 755051938 292670119 729189592 384475408 757356132 394697190 86615915 635476829 511147977 809145807 668838615 31290736 880424891 218477858 79956215 284363206 273934604 485727700 131861942 444479387
773215230 464788797 816889085 100571206 564054496 554737371 384832582 532525878 826636602 78326796 422875429 940353196 759310649 361847804 261437711 322304222 376298699 204573278 977015223 728911833 495667621 297971902 781697849 36662027 969601185 133819816 36534190 459393627 660363328 765027907 156804594 307622357 963726006 362391426 983330058 120142567 338021173 829906190 325857235 523936431 459779239 572993267 673101596 18234877 560210425 97387813 589663209 552959029 680213704 730304236 771530579 65726778
93179789 107220437 57202639 753295701 505516354 995791977 517557228 504243611 73081996 775212119 224261398 451830450 411063821 965861559 718009479 470965697 946314097 415271845 448304330 213765867 397883701 171101978 191010446 996473881 802702046 432022142 453092499 720044750 50159784 387430201 983717812 239326632 322161049 879057807 196419754 987243931 436624586 890138907 425965307 476375005 937084147 49194384 906421096 186638675 154213956 58026339 852774630 919177166 750014089 264075049 632061033 376399625
982093019 700819705 357653953 445422358 222185668 924066680 848045075 438476788 695408269 958110620 292005646 471645450 456383769 994588565 600456666 846583289 249459781 532317090 146543489 161979877 151175020 291349162 240311444 674898040 705596109 156586456 690892496 393728155 425438259 173279018 10042966 528912618 242553135 134089097 932967575 335144926 823316510 85966679 443196601 539239419 909706668 650037492 75923713 914283983 296686283 775617570 717069918 740778787 90967473 210719604 332420969 177830498
831072120 440929981 134795890 418136986 881144215 55454549 723860064 394017104 327169513 670424611 723033581 546029565 562944984 886239532 535628720 304896594 664885351 507490435 162379468 141611616 977727082 994460740 784456855 616349903 578666632 91487549 458832020 479560260 951464553 71176196 929108082 317220404 501833178 957003813 286719342 312758179 738553773 410345628 498171793 807159083 361293627 667377576 481237546 180951388 305325905 404289814 380658233 168479367 442397616 894980277 906118022 573499150
807185741 775020041 413742730 725166633 268173245 402895927 394361807 245263363 282769017 373192968 496777905 820862658 438077622 507748976 959450239 771611272 552689412 35181695 113387168 714186876 488842255 179496443 538403790 292524511 276109253 981093280 220046205 766792518 739835100 240927558 867706111 505859330 277950263 560338656 702523769 575181600 229750076 296856983 340292451 935731251 835346500 988822518 429150873 834433122 657780988 275007844 286298749 853969274 604683046 360924004 934715393 350567498
18622773 615860528 931773132 100282271 692786511 743614929 329561779 77803858 495599226 331862506 808899536 978994281 59181084 879738698 400089375 708617265 286207770 315566156 550176919 322285517 213018038 954345264 506666620 571182638 263104432 333279340 554255889 798049356 284974868 947538277 783102422 231970371 585031317 330629604 440871657 211919783 968865940 251751977 776373716 642822302 926944916 21327662 468649556 544403344 57790984 596315311 580456006 256729772 575537405 806039008 819941596 937633705
329784857 554209742 337389452 275538251 879842720 733469546 973753737 80659679 700000846 73803712 913527951 36120031 750874823 145791104 736414261 637989699 156277311 17405276 172037368 655754581 937988854 82473599 103877326 135917336 904879759 792197749 346059338 465887627 979640025 887474482 620160381 690304758 527898774 897166426 783597156 484243045 785424999 735701025 551107088 317709529 504603020 897950517 115540643 860802330 789810756 607436594 114353360 631297599 75377331 54109731 56329506 796643831
126694578 177426814 938569089 195527176 6833075 519257984 63073453 307271490 120149845 952723344 462928478 266429622 180576911 942723031 14154255 267401301 259596547 661318927 879649577 706882766 147251455 306873203 198390449 613219954 526305855 204528424 292718947 930989149 353623407 864986928 324878848 585836182 783737693 46750203 666596478 711658894 59530327 579209268 754031256 735607329 358035486 194543399 254330420 168195074 951869637 311285283 527946922 542671527 108664747 372660368 557254027 792339593
184636041 914121348 118329947 389058952 840469957 873350759 386174426 575658420 280394205 467809588 316096731 593834833 391022379 366272858 349479641 927037779 753364877 517671621 980098432 773821221 646643574 285555288 201574889 386263599 382798841 280370716 936075648 274537111 632898722 865127221 300272284 162254426 627893537 347343433 663552331 914008686 779455585 347522821 411267785 389015220 281109963 914328365 47250537 249013358 761121683 933766531 250776034 133241852 469557773 413598861 522498745 861760814
852131889 555229409 366348324 273485386 100639130 918365359 304453375 233106471 803927613 687040270 395866614 442692561 380974582 248698204 320691946 122381227 342053430 462609223 944244830 87585474 318453614 655013161 66742609 501552268 706610893 69755410 334321215 944361383 159498837 244001669 125510581 246735740 625907768 504485676 177259059 623958313 540124848 556152358 170164460 232897677 464459476 296123178 430641777 923428720 606989909 959973800 118864119 806683464 383303872 50837551 789809340 885966442
342223987 87180693 620195774 866380620 278976533 382250188 968316575 813512311 483076747 228138982 592440848 82350132 471288323 395896054 607943208 726060229 803373600 89038135 427579480 794430898 242983481 575234617 496597287 345229348 323142575 847087427 967291410 770537058 541855749 234104440 419507947 172860511 527553576 966621132 737507154 74278599 849717937 680466149 999329722 966970096 532422851 615613497 260958202 826469210 439416519 565801720 878106344 186679603 976751274 758950370 566471998 911136248
654256753 361137776 497992168 740002788 471719729 88455032 483031433 311312565 763251515 712769359 521983035 571895185 657055812 402113738 214777191 781980248 100175456 568600780 919082306 903464627 18728732 387406097 46617744 347187120 246408814 616614995 172628906 264637497 247011664 677808035 697532690 269164280 245908764 859605567 631190290 350345569 22755466 629293770 686976660 366552793 103333905 344947431 931761081 417812380 120644028 243728339 713757142 581415511 395056914 491350259 556751680 347204348
478081605 50109482 559589179 138939299 226560319 234353266 336352341 978173669 743882386 735210060 677601587 989147993 500092063 693772904 175620881 538662287 762587674 265738797 357420563 197447212 794779901 27377613 588137211 368272570 697355150 101006996 851756733 49474924 605684897 431616352 743586434 654309520 254695023 578307284 843479142 375313863 956954370 153688027 726550552 794004217 769628967 525338017 410101593 72241031 539309194 191321683 681858876 34787729 115286662 385621166 464771132 887854659
265158763 589948645 975519574 392530100 348545465 73837079 908089769 940731844 277243438 962924299 609065948 20235109 675573081 687294793 987404726 216535847 671689645 601736002 779205025 46672881 939292410 708765346 992670055 758969915 371099800 251997616 721360621 776134207 87280270 769363799 472792592 674687739 836841797 378514924 776693745 713822678 303587939 584844180 657154304 559537 626542408 534224140 112051588 982466565 163717741 248027483 757530396 398228911 678878626 578873561 590873180 756970858
771686504 144654485 466821972 608406615 593253117 523659020 387124089 68593061 929527990 14379556 932785841 630153231 296906558 784873504 547557584 324379225 36900113 773247538 397749414 478964523 394851236 22520557 840461698 767596184 182057964 609977733 474962973 516082472 730696070 408810426 212228318 995998450 121231235 708175512 568348729 444632135 813940485 511253503 233212539 52266256 713936065 405130058 299025185 237214089 931035021 5760552 836781330 854393051 423273604 419781518 772548014 784515073
140456985 18143545 120756333 535333924 853480052 134696432 181362216 266363282 112060319 433698534 362148419 396847143 125906297 93916773 312942201 826814495 543367091 991209865 912554558 46578918 714754176 109668557 629061446 515707414 920672621 620837402 796726357 802246951 972340323 929462757 708282845 750147438 87492775 862671765 300401310 192575431 829474817 466655373 65945408 498154360 220235108 900012061 758372528 315797970 410661585 357563343 599610750 565797097 486323154 944006212 291617935 101456390
345561988 586311093 185633684 975819965 690794806 987998646 986700343 619836587 489496811 746788594 696380711 885243952 274274598 903185718 561154910 720560746 194449146 286275953 916485376 941318323 231063935 447660552 589895243 31241423 667043725 327878218 886505643 869334497 836792277 380767771 411392843 945187320 638270561 389131724 790872528 380151420 278143595 310392343 502626082 921538032 543359143 897375825 898999501 557438762 283267470 154227418 106503296 518848080 279295167 972875128 651601337 184965265
975488938 381919342 73875627 94162574 901697795 821261519 275416046 555027547 814867408 928822668 169660182 90450781 579538609 432948065 854947041 75497607 188752986 758277091 157532019 299919493 260630200 259930318 588616908 67081238 720380884 827682135 404983278 513119300 878328252 962103794 670150116 105063784 252489100 618397934 373486886 603068877 384682901 424806965 213414655 860367586 724740625 422579107 754656850 108350870 607878486 106342691 49092221 151587973 723667970 183071520 892928037 188724635
426847348 301088863 428414670 784577167 580846150 320504656 251996641 276826697 60909196 397774630 427576620 63272006 849979349 759820334 969359960 642999454 482425856 529474693 507823692 692533262 582090257 84651226 101898072 444551686 842553913 822269923 115291267 458898619 962125830 313079220 314446230 422758005 876808362 877474603 211181148 869894545 580204092 54538438 762183336 752282530 907768716 267124871 740092208 339425330 875474168 30294112 55943723 870197664 759221238 820935729 268110777 303661194
962428949 492096367 80843520 928685447 428187026 932134836 436152643 210645857 169464209 607251298 664024059 132491449 248216909 677367842 526407777 735338612 704304423 316082073 241215199 315761920 565874403 97053125 652058014 108723749 67545010 888506561 570645348 916719403 404419327 751462938 647291362 254883428 350844999 307366202 99404924 538567612 187338417 462338438 736720854 182685521 134148285 435875480 815047077 481837425 831840523 826782084 336470556 276479464 294499007 369502084 90061229 153785034
142331178 858623528 554455008 608223805 321944511 315549095 522152972 277975544 313724797 952442427 225487865 368367938 135644365 455101269 397987418 617264061 46423426 820095271 932948298 120011874 303539264 93980999 594607405 564580359 984367509 848437995 695993582 977343345 518156933 164272238 915489698 575981707 673804080 424175933 569664833 350909338 591614199 825366086 728182352 592321489 832752406 427341961 909876388 152200644 918517409 408576472 857677128 558967050 560586446 93151323 680394121 265355639
726214644 133244484 183274935 528193476 346838230 317638171 275567356 624307886 967607031 253686907 637244051 10211717 898093242 834362547 70411971 109050574 663373487 580455070 558795190 446104085 141443543 409686579 943211020 548583473 548010844 307080997 339274608 834160446 885209986 967555774 748285808 893170523 692716902 475523407 24344753 199702335 345159679 385635904 136248798 190184308 314492349 377603906 637350097 243078276 497467407 838968943 353259152 437647762 897918598 111831502 702720144 163074843
123155413 520314691 474481405 459641867 665607437 284186471 167055539 36833643 561723270 553775935 581466328 3980695 913678230 41408578 79294529 121824460 338373258 629491759 874353040 42460885 560101190 784597324 48025431 870372345 128782655 518692611 705302795 926200971 531999086 499290897 644339571 662841909 366099781 747401762 451265466 773967227 534059253 847407170 42098967 525064495 241968141 34768356 203067599 379257058 158964713 494566379 583502891 429100372 845197805 311557543 452467412 58438396
187132231 810429449 108489944 73210353 899473683 692565852 226926558 679389573 228012548 587916139 240098440 168488161 492257342 417583100 479426194 166888087 269014479 799691490 190656542 800036622 938875539 681098341 559593049 22168380 307779280 521292438 201672146 392704962 753153901 508087790 330635895 401635525 453829424 72055560 948494742 308467515 93856245 932536986 870383414 555789780 555313614 585768455 601901090 468747889 101960356 483258053 637273713 293433575 374891643 169423370 612874639 81483933
738119962 789123189 567522280 144126750 979523578 254861908 151849475 274088704 769235108 810100208 641987269 70365541 535968743 980111919 242577928 497860519 90841963 281106834 828262444 968489224 728625411 280741756 639119565 757896903 432520481 748513492 38163827 141259046 667054939 151413647 920251049 69674604 412633635 386313183 512294082 162354145 637154123 664120143 348149355 371035036 495299206 485740476 743869095 278474751 958401401 108986023 973446394 581514949 641320628 294281258 760836668 602411358
86215742 155580152 550412163 482361916 644009957 977229720 182133758 968897214 841041289 349728699 216393052 579722400 882681471 685461137 799316537 734031136 935712443 905451752 503327378 830419323 892989848 585983743 689058699 923604979 947737852 207528711 786667207 955027564 987892536 42286100 704201333 956247885 62037715 401908792 353227401 780596355 8510032 854509005 615241585 398199838 792703819 966223933 150307671 658993701 336162122 390795027 612996531 369711317 650483668 481653118 775553442 214796693
577007498 684259736 331345446 116559740 878634572 186212471 71263204 961634129 466076072 396981454 410659030 856466511 384626630 781816337 65636007 294099289 977831940 198414158 710553132 104001879 828023217 580850486 787755129 854086621 719375249 46206880 515214478 493655839 876254682 520961090 335653748 411212599 665632622 295404195 733205962 481567127 691837350 619425742 780189717 239550122 605312446 170876260 283771993 368977118 573917500 309908251 437670299 802204866 677139768 954491759 529718534 198120176
196892419 506263508 670719765 160741416 624202677 886984169 68593209 868514900 483601648 669710919 357265635 870473033 671622480 977338141 998991154 196524219 246270356 784638311 908744932 130476253 712922571 576559438 427372676 38271898 458853774 735584430 577568284 230848457 792001543 674215463 826839499 447092031 517925886 215442105 246842787 788567600 988238257 782341456 637873821 15994330 996566057 314022794 955501958 190781790 498068444 781123952 67180006 166934357 202543533 715726989 143250130 51185676
170368300 888520740 760225032 952468340 553117232 389244349 821340734 593290674 749924807 837390244 245994218 770155058 422922374 861404067 77165212 293525878 217037825 33678024 40063333 483874538 543601072 379647582 787683807 269908276 60952164 682197006 302482370 494157928 52870450 27274139 642133673 818607833 950556856 673222868 239590333 372225397 757655668 268359850 370740498 745432406 319354946 730381528 626226178 552132666 794875550 646132078 490791195 254000781 794476998 526515699 275391580 745358790
934645835 64095469 900289522 723258915 950483240 288513756 573304275 646288741 928781917 423967541 13122175 827945486 711642907 864686447 523678019 289863261 877462246 423129150 291382172 877389278 361081345 453494705 410006974 463436687 165746371 496394898 929816686 120143713 585974441 742617221 205012726 52427408 759062369 132479736 332610246 741576040 886681038 262667470 202663050 212466532 155601598 144063816 57654744 150235642 453404164 23121861 811453571 316078705 263554605 190736693 820458811 598987038
160477106 119490788 133081949 670223169 145582873 137355245 308037217 817003245 406668563 954846180 316896434 709050180 656526138 287177775 821764231 646673266 563467306 519170893 979140558 4760986 240004702 608621126 202274458 270090378 348234848 952826928 786856895 555601192 706623073 829063956 973686371 782095909 315596489 98001946 626789498 703595993 433861060 362769562 311145052 71188305 996972920 604797104 389083191 529049143 755591816 898970973 978007607 685487199 95188083 392822254 587825921 906819301
